2.356194490192344837e+00 2.356194490192344837e+00
2.402102687737326825e+00 2.220410503020994852e+00
2.445351243992124335e+00 2.091096818982412842e+00
2.486068644678214312e+00 1.968111921542345710e+00
2.524380187586394708e+00 1.851281835685206767e+00
2.560407424915902563e+00 1.740407964094704774e+00
2.594267731594164683e+00 1.635273452375618941e+00
2.626073988989558128e+00 1.535648824758499176e+00
2.655934389727682809e+00 1.441296327489553164e+00
2.683952303849487464e+00 1.351973770636170524e+00
2.710226223269580625e+00 1.267437531406118811e+00
2.734849753480840029e+00 1.187445040533147589e+00
2.757911666197262246e+00 1.111756574573762535e+00
2.779495959982321018e+00 1.040136866816407268e+00
2.799681966798962751e+00 9.723561841578457488e-01
2.818544471433690912e+00 9.081911433290308366e-01
2.836153844765887833e+00 8.474252830367384748e-01
2.852576186578431372e+00 7.898494275796265063e-01
2.867873473633031356e+00 7.352618837985660516e-01
2.882103712132286333e+00 6.834684808635558273e-01
2.895321085951771956e+00 6.342825406753822559e-01
2.907576107135586785e+00 5.875247206525618937e-01
2.918915761105213225e+00 5.430228027251039480e-01
2.929383646360439464e+00 5.006114337831339967e-01
2.939020109678765813e+00 4.601318129687910763e-01
2.947862374219364145e+00 4.214313521219036351e-01
2.955944660434822513e+00 3.843633151940328840e-01
2.963298299765275701e+00 3.487864377979666974e-01
2.969951840500530960e+00 3.145645364986978110e-01
2.975931146008597761e+00 2.815661049890416656e-01
2.981259484189227926e+00 2.496639183718944444e-01
2.985957609433139037e+00 2.187346230719098561e-01
2.990043836296020885e+00 1.886583351582616364e-01
2.993534105107197085e+00 1.593182307876387926e-01
2.996442039202737551e+00 1.306001481529683594e-01
2.998778994402710119e+00 1.023921833015423860e-01
3.000554100280508507e+00 7.458429340941638563e-02
3.001774293570820706e+00 4.706789934965405903e-02
3.002444343517268077e+00 1.973549138161048017e-02
3.002566869456543053e+00 -7.519764360976167322e-03
3.002142350437509322e+00 -3.480441895043912687e-02
3.001169127002848658e+00 -6.222513269289002558e-02
2.999643394666816398e+00 -8.988906053717436728e-02
2.997559190280662200e+00 -1.179042509901463420e-01
2.994908370770057005e+00 -1.463800505161018117e-01
2.991680582436247349e+00 -1.754274746935568507e-01
2.987863223540783597e+00 -2.051596150833358001e-01
2.983441398599813610e+00 -2.356920601468227017e-01
2.978397864938850947e+00 -2.671432763196636140e-01
2.972712969927695958e+00 -2.996350134049239888e-01
2.966364581271536238e+00 -3.332927098588563952e-01
2.959328009337899079e+00 -3.682458997083636887e-01
2.951575920465357772e+00 -4.046286183871429243e-01
2.943078243116976189e+00 -4.425798112363247272e-01
2.933802065196166264e+00 -4.822437112926677982e-01
2.923711523524114675e+00 -5.237702335939878884e-01
2.912767685873606460e+00 -5.673153681391854830e-01
2.900928427217876138e+00 -6.130414735115090608e-01
2.888148296394990044e+00 -6.611176743658672139e-01
2.874378378547808310e+00 -7.117200779434852409e-01
2.859566155041489477e+00 -7.650320576618971913e-01
2.843655350440561946e+00 -8.212444094059682120e-01
2.826585787242546832e+00 -8.805554677199649571e-01
2.808293229819918579e+00 -9.431710580230332486e-01
2.788709239748142110e+00 -1.009304414641550185e+00
2.767761027611071789e+00 -1.079175871919374030e+00
2.745371314477667912e+00 -1.153012406805755452e+00
2.721458205352642157e+00 -1.231046939545356711e+00
2.695935080613103274e+00 -1.313517329961530367e+00
2.668710506453377818e+00 -1.400665105496312401e+00
2.639688183531326615e+00 -1.492733665837065349e+00
2.608766924058480541e+00 -1.589966188009578119e+00
2.575840686141310343e+00 -1.692602815916805614e+00
2.540798667215239171e+00 -1.800877272527165340e+00
2.503525473240758359e+00 -1.915012691593656058e+00
2.463901380180237410e+00 -2.035216582337297631e+00
2.421802706213031620e+00 -2.161674804037887032e+00
2.377102315808765187e+00 -2.294544430619331887e+00
2.329670279096225372e+00 -2.433945389699180506e+00
2.279374712178316553e+00 -2.579950773321596280e+00
2.226082826408780413e+00 -2.732575739233112699e+00
2.169662211348347913e+00 -2.891764988247606194e+00
2.109982381916016614e+00 -3.057378820221164251e+00
2.046916644757092119e+00 -3.229177748486093513e+00
1.980344247219566922e+00 -3.406806222519741301e+00
1.910152875084471624e+00 -3.589775542058534885e+00
1.836241500382615355e+00 -3.777446568136582528e+00
1.758523570550627912e+00 -3.969013013003387602e+00
1.676930519144478771e+00 -4.163486287537914166e+00
1.591415553156212193e+00 -4.359683143654810245e+00
1.501957649043226040e+00 -4.556217556269091418e+00
1.408565655973197606e+00 -4.751498485008445627e+00
1.311282369542980719e+00 -4.943735269361371643e+00
1.210188406986245413e+00 -5.130952327816066472e+00
1.105405683367613356e+00 -5.311014637511230596e+00
9.971002571046601037e-01 -5.481665018702154946e+00
8.854842930855615357e-01 -5.640573679066061885e+00
7.708169354849182531e-01 -5.785399124487003775e+00
6.534038652103990596e-01 -5.913858400447871588e+00
5.335953278232069552e-01 -6.023805249775740833e+00
4.117826012338774988e-01 -6.113309811416493211e+00
2.883928619659223980e-01 -6.180736801123854818e+00
1.638825479687150699e-01 -6.224815614543216746e+00
3.872944525931783233e-02 -6.244697476435209005e+00
-8.657620684236272401e-02 -6.239994813111018779e+00
-2.115411907294395544e-01 -6.210799561514153133e+00
-3.356789273749332114e-01 -6.157678808353307609e+00
-4.585187796536935312e-01 -6.081648143659559302e+00
-5.796146150218317583e-01 -5.984125028474634789e+00
-6.985522636172138977e-01 -5.866866077719602224e+00
-8.149555974653709400e-01 -5.731893254246802627e+00
-9.284910635869786377e-01 -5.581414442978003265e+00
-1.038870613569795154e+00 -5.417743734107267173e+00
-1.145853057785063411e+00 -5.243226122319163629e+00
-1.249244009174365289e+00 -5.060170300434390533e+00
-1.348894559667186632e+00 -4.870791938880240757e+00
-1.444698945546799784e+00 -4.677168888134299429e+00
-1.536591432616011499e+00 -4.481208487397162266e+00
-1.624542663637311257e+00 -4.284626344093173778e+00
-1.708555685382137534e+00 -4.088935375788102178e+00
-1.788661845488946689e+00 -3.895443536540454499e+00
-1.864916715444473461e+00 -3.705258494921774393e+00
-1.937396164035822155e+00 -3.519297571286818638e+00
-2.006192669316571031e+00 -3.338301319746439066e+00
-2.071411927876738890e+00 -3.162849399130664096e+00
-2.133169795860662799e+00 -2.993377598920293980e+00
-2.191589575614157681e+00 -2.830195121926514013e+00
-2.246799645496785125e+00 -2.673501461024360815e+00
-2.298931420871309861e+00 -2.523402379901430681e+00
-2.348117623860831671e+00 -2.379924704541995784e+00
-2.394490837576848996e+00 -2.243029721859000958e+00
-2.438182309462848085e+00 -2.112625247104001236e+00
-2.479320991800274321e+00 -1.988576088734100189e+00
-2.518032770322861769e+00 -1.870713259476137091e+00
-2.554439866242530055e+00 -1.758841858561618121e+00
-2.588660388279104829e+00 -1.652747747347508067e+00
-2.620808002359394262e+00 -1.552203201696488843e+00
-2.650991708179964323e+00 -1.456971597444714384e+00
-2.679315700844633774e+00 -1.366811272963212254e+00
-2.705879302360520988e+00 -1.281478669101947299e+00
-2.730776949785525876e+00 -1.200730858625900455e+00
-2.754098228688032002e+00 -1.124327544285339098e+00
-2.775927942658033221e+00 -1.052032618259487462e+00
-2.796346209119408233e+00 -9.836153371689244640e-01
-2.815428577138184618e+00 -9.188511896027669046e-01
-2.833246157661891029e+00 -8.575225072469796483e-01
-2.849865766303468106e+00 -7.994188569651140552e-01
-2.865350069985190817e+00 -7.443372636843272883e-01
-2.879757738827391389e+00 -6.920822835569965248e-01
-2.893143595683445035e+00 -6.424659721752030705e-01
-2.905558766592804876e+00 -5.953077510781513704e-01
-2.917050826003106057e+00 -5.504342110382197673e-01
-2.927663938485225437e+00 -5.076788517231679565e-01
-2.937438994335264564e+00 -4.668817807499092698e-01
-2.946413738749619871e+00 -4.278893799460478098e-01
-2.954622894316890402e+00 -3.905539441580204718e-01
-2.962098275722440111e+00 -3.547333063693867694e-01
-2.968868897308502675e+00 -3.202904450329444597e-01
-2.974961071931622403e+00 -2.870930896926277009e-01
-2.980398502576256270e+00 -2.550133157860006161e-01
-2.985202365408058611e+00 -2.239271405492021805e-01
-2.989391384791001638e+00 -1.937141175649090274e-01
-2.992981900202281942e+00 -1.642569318578884774e-01
-2.995987925019426790e+00 -1.354409967113973934e-01
-2.998421197235404456e+00 -1.071540524764967306e-01
-3.000291221983666823e+00 -7.928576760014589830e-02
-3.001605305986271510e+00 -5.172734177745841322e-02
-3.002368585163626147e+00 -2.437111072865461373e-02
-3.002584043662431146e+00 2.889847242254101403e-03
-3.002252524266984413e+00 3.016210340046850125e-02
-3.001372731161085827e+00 5.755227037624770919e-02
-2.999941224103474191e+00 8.516739434777810536e-02
-2.997952404960609663e+00 1.131153482024477436e-01
-2.995398503399203882e+00 1.415052247665564145e-01
-2.992269547245759664e+00 1.704477317329534114e-01
-2.988553313888028917e+00 2.000555906594135569e-01
-2.984235310672190611e+00 2.304439320796668189e-01
-2.979298694956939109e+00 2.617307013906586821e-01
-2.973724222693158836e+00 2.940370623983772358e-01
-2.967490196401667557e+00 3.274877969087371388e-01
-2.960572360569409867e+00 3.622117189106437429e-01
-2.952943837524152126e+00 3.983420718711850328e-01
-2.944575031892449957e+00 4.360169358632449699e-01
-2.935433514951518941e+00 4.753796183543782528e-01
-2.925483938653548055e+00 5.165790471402306183e-01
-2.914687901678290061e+00 5.597701459416857261e-01
-2.903003832002414963e+00 6.051141826572006277e-01
-2.890386852726443134e+00 6.527790980984322644e-01
-2.876788644443045051e+00 7.029397977456330882e-01
-2.862157308805406863e+00 7.557784098944261286e-01
-2.846437219695877374e+00 8.114844660835746071e-01
-2.829568872431007964e+00 8.702550044817670694e-01
-2.811488732266463675e+00 9.322945894394807365e-01
-2.792129084695138097e+00 9.978152102315223093e-01
-2.771417888876651414e+00 1.067036031352900149e+00
-2.749278637151660210e+00 1.140182964522469033e+00
-2.725630226238967335e+00 1.217487958630373956e+00
-2.700386846254455797e+00 1.299188117776299833e+00
-2.673457886915021842e+00 1.385524440112684719e+00
-2.644747876577297596e+00 1.476740168671364373e+00
-2.614156456902423820e+00 1.573078691267093543e+00
-2.581578405839029422e+00 1.674780879545400669e+00
-2.546903720288215212e+00 1.782081816429591736e+00
-2.510017769833298384e+00 1.895206776488638445e+00
-2.470801542348830537e+00 2.014366328810626161e+00
-2.429131995124520937e+00 2.139750486398563467e+00
-2.384882539206165220e+00 2.271521731383796094e+00
-2.337923664164260451e+00 2.409806964229076698e+00
-2.288123750099081644e+00 2.554687972619138936e+00
-2.235350084202210930e+00 2.706190560534107004e+00
-2.179470073258529705e+00 2.864272454267436263e+00
-2.120352803339784487e+00 3.028809190524794914e+00
-2.057870791404517341e+00 3.199579383831155699e+00
-1.991902105448126736e+00 3.376248412894200079e+00
-1.922332804018617169e+00 3.558351429902355534e+00
-1.849059727045838208e+00 3.745276044759640932e+00
-1.771993625431582897e+00 3.936245466085422695e+00
-1.691062618439855836e+00 4.130303031314173978e+00
-1.606215938537528976e+00 4.326299253980790738e+00
-1.517427901137586854e+00 4.522882840408205318e+00
-1.424701989530480661e+00 4.718497501117362880e+00
-1.328074953862016905e+00 4.911385677323618637e+00
-1.227620729452057802e+00 5.099601729592257549e+00
-1.123453994505253739e+00 5.281035426027232305e+00
-1.015733140274329926e+00 5.453447215655945257e+00
-9.046624098393856173e-01 5.614515598249362860e+00
-7.904929651000985880e-01 5.761896166868462288e+00
-6.735226828357762097e-01 5.893290840634326067e+00
-5.540944497133611923e-01 6.006524579386862683e+00
-4.325928853257602347e-01 6.099625032827577620e+00
-3.094395030930147117e-01 6.170901721496336201e+00
-1.850862958255120039e-01 6.219017637410279242e+00
-6.000802993656148554e-02 6.243049065903313100e+00
6.530651332071864268e-02 6.242528214688626953e+00
1.903639425286622888e-01 6.217465273434323869e+00
3.146758819032634547e-01 6.168347926290774552e+00
4.377683587647148156e-01 6.096118378718510478e+00
5.591905198739530736e-01 6.002129881149605772e+00
6.785222989482462275e-01 5.888086414163520743e+00
7.953807448389876855e-01 5.755970385642179998e+00
9.094248238282629515e-01 5.607963774234384857e+00
1.020358619255263166e+00 5.446368116431304252e+00
1.127932954989794956e+00 5.273528160794557884e+00
1.231945556929596730e+00 5.091763052457257466e+00
1.332239932702933727e+00 4.903307744175741334e+00
1.428703191846479648e+00 4.710266130472860802e+00
1.521263053074120686e+00 4.514576299360736122e+00
1.609884246264990937e+00 4.317987449183969595e+00
1.694564604156062027e+00 4.122047304811795598e+00
1.775330956873068411e+00 3.928098470401629516e+00
1.852235043953412319e+00 3.737282060380818116e+00
1.925349554690919174e+00 3.550546850553782718e+00
1.994764394255051920e+00 3.368662344992049640e+00
2.060583239424075952e+00 3.192234347851016896e+00
2.122920421854020745e+00 3.021721863234707595e+00
2.181898155755256585e+00 2.857454387870866253e+00
2.237644110461392000e+00 2.699648890567317494e+00
2.290289316181912671e+00 2.548425971155710901e+00
2.339966382789379296e+00 2.403824871452886036e+00
2.386808006735392507e+00 2.265817142823999042e+00
2.430945737344631929e+00 2.134318878508567607e+00
2.472508974806320037e+00 2.009201506829075168e+00
2.511624173509471980e+00 1.890301196935494144e+00
2.548414214013151380e+00 1.777426931604305205e+00
2.582997928272998234e+00 1.670367419017611210e+00
2.615489754563429248e+00 1.568896891745342304e+00
2.645999497333084705e+00 1.472779942661589070e+00
2.674632174867481282e+00 1.381775518950407733e+00
2.701487938192174809e+00 1.295640194370938358e+00
2.726662052468820985e+00 1.214130781808916426e+00
2.750244923477370040e+00 1.137006416021274280e+00
2.772322160990648765e+00 1.064030180347640631e+00
2.792974670186773256e+00 9.949703537175101919e-01
2.812278766569164201e+00 9.296013183960120108e-01
2.830306305272868528e+00 8.677042094268345718e-01
2.847124821039314302e+00 8.090673442049040043e-01
2.862797674744759657e+00 7.534864731332957533e-01
2.877384204244709309e+00 7.007648742797533137e-01
2.890939875437666728e+00 6.507133339628099478e-01
2.903516431709276979e+00 6.031500346893096109e-01
2.915162040518294972e+00 5.579003658840308022e-01
2.925921435367213608e+00 5.147966771343756021e-01
2.935836053178033644e+00 4.736779778916583306e-01
2.944944164611159820e+00 4.343896067617475931e-01
2.953280997105401706e+00 3.967828811235079023e-01
2.960878851451050231e+00 3.607147196748955453e-01
2.967767210197595595e+00 3.260472550159514427e-01
2.973972838310773525e+00 2.926474373842463672e-01
2.979519875804766293e+00 2.603866325268314741e-01
2.984429922368484256e+00 2.291402163750767829e-01
2.988722113773054634e+00 1.987871690954799986e-01
2.992413189952704666e+00 1.692096729597356575e-01
2.995517555214584515e+00 1.402927082731334207e-01
2.998047330751949069e+00 1.119236465091612287e-01
3.000012398420084825e+00 8.399185534560318911e-02
3.001420436341786679e+00 5.638830402150386834e-02
3.002276947984960476e+00 2.900515839997826889e-02
3.002585281177933663e+00 1.735400982256043653e-03
3.002346641412527273e+00 -2.552757279627347609e-02
3.001560095712538345e+00 -5.289034084143526271e-02
