5.235987755982988157e-01 0.000000000000000000e+00
5.227243909609556871e-01 -4.362078867038408220e-02
5.201038857102560087e-01 -8.710936700916453723e-02
5.157452091750888146e-01 -1.303334990881305500e-01
5.096616098093185165e-01 -1.731609838963783787e-01
5.018716336767273800e-01 -2.154596802297805147e-01
4.923991206908482909e-01 -2.570975813657032649e-01
4.812731968468392241e-01 -2.979429364593188523e-01
4.685282608061861476e-01 -3.378644221771515133e-01
4.542039623466172515e-01 -3.767313781933572803e-01
4.383451718536426900e-01 -4.144140974955388135e-01
4.210019293544037255e-01 -4.507842439212891295e-01
4.022293862076625204e-01 -4.857152559856779406e-01
3.820877220444338640e-01 -5.190828860287207691e-01
3.606420386148166402e-01 -5.507657983237332910e-01
3.379622369765504786e-01 -5.806461901874557796e-01
3.141228540561983307e-01 -6.086105442724829562e-01
2.892028712768167087e-01 -6.345504018627433629e-01
2.632855109460233156e-01 -6.583630755885407915e-01
2.364579797772362602e-01 -6.799525036158676761e-01
2.088111884223282366e-01 -6.992300448838754123e-01
1.804394380963862676e-01 -7.161152650901281280e-01
1.514400732157088203e-01 -7.305366819412978385e-01
1.219131222375674783e-01 -7.424324808662934316e-01
9.196087749446799076e-02 -7.517511132565187770e-01
6.168748538002388759e-02 -7.584518455167768014e-01
3.119850303490315571e-02 -7.625052083750843979e-01
6.004336976786345259e-04 -7.638932819158298360e-01
-2.999973441675965122e-02 -7.626099129905752338e-01
-6.049500326513247012e-02 -7.586608012042191929e-01
-9.077884083195009168e-02 -7.520633927566782173e-01
-1.207456457345941064e-01 -7.428467144422752355e-01
-1.502912088194550688e-01 -7.310510768695169803e-01
-1.793131542538439760e-01 -7.167276032162278598e-01
-2.077113620906951008e-01 -6.999377191035479617e-01
-2.353883741617277259e-01 -6.807525454983354152e-01
-2.622497632462327255e-01 -6.592521748307235141e-01
-2.882044776561030197e-01 -6.355249371386499924e-01
-3.131651624547169277e-01 -6.096666223670031970e-01
-3.370484363083219304e-01 -5.817796603443646797e-01
-3.597751397143666430e-01 -5.519723265623103226e-01
-3.812705612625624241e-01 -5.203579532979537570e-01
-4.014646200053684222e-01 -4.870541660694901465e-01
-4.202920196080072168e-01 -4.521821829338178445e-01
-4.376923867956450942e-01 -4.158661467875093276e-01
-4.536103729932012274e-01 -3.782325299395264961e-01
-4.679957328112147596e-01 -3.394096268138795947e-01
-4.808033943471801686e-01 -2.995270844001801103e-01
-4.919935034461053180e-01 -2.587155240469997119e-01
-5.015314529513550390e-01 -2.171062557158944251e-01
-5.093879097837052949e-01 -1.748310186040613057e-01
-5.155388271465899397e-01 -1.320218053867954489e-01
-5.199654501853756550e-01 -8.881075971852146755e-02
-5.226543226512387896e-01 -4.533008119983891054e-02
-5.235972874506501507e-01 -1.711986373094082081e-03
-5.227914864849079191e-01 4.191129575292419640e-02
-5.202393616450234903e-01 8.540754039239686901e-02
-5.159486541984972252e-01 1.286445274975702435e-01
-5.099324047069080379e-01 1.714900533903084834e-01
-5.022089506822384752e-01 2.138119862286916029e-01
-4.928019251119898358e-01 2.554782910989703559e-01
-4.817402472090578369e-01 2.963572030453286432e-01
-4.690581086701365865e-01 3.363173929041373134e-01
-4.547949556434340845e-01 3.752281463983906384e-01
-4.389954519668277655e-01 4.129597417818601790e-01
-4.217094369771122730e-01 4.493837661168370579e-01
-4.029918628504519096e-01 4.843735813576711124e-01
-3.829027133518294601e-01 5.178048402603359079e-01
-3.615069028618980718e-01 5.495560623694140112e-01
-3.388741443352198957e-01 5.795093120877683468e-01
-3.150787931778521456e-01 6.075509031953146843e-01
-2.901996632453582303e-01 6.335721446910428378e-01
-2.643198147419816291e-01 6.574701103267381885e-01
-2.375263032027103427e-01 6.791484637494055177e-01
-2.099098996257138527e-01 6.985182580636566385e-01
-1.815647763502439282e-01 7.154987209828428396e-01
-1.525881711145697650e-01 7.300180129485231983e-01
-1.230800072093751196e-01 7.420139155693364907e-01
-9.314250155761444327e-02 7.514344769773948496e-01
-6.287973477999390937e-02 7.582385338613253367e-01
-3.239721389107080157e-02 7.623961496998356013e-01
-1.801417582175078580e-03 7.638889635511680876e-01
2.880067729217551664e-02 7.627103636812750942e-01
5.930206523010832925e-02 7.588655612048413879e-01
8.959618544823631792e-02 7.523715617856198135e-01
1.195773930415656439e-01 7.432569510921369638e-01
1.491414143089679900e-01 7.315615804196057281e-01
1.781857932747314965e-01 7.173361721828707127e-01
2.066103167196313983e-01 7.006417676607377132e-01
2.343174112069494885e-01 6.815491016326766793e-01
2.612125241758327943e-01 6.601379372499801557e-01
2.872044698170881372e-01 6.364963015249516243e-01
3.122057379630988616e-01 6.107196968469499332e-01
3.361327860991843997e-01 5.829103133674167214e-01
3.589062903239023106e-01 5.531762113988086815e-01
3.804513563474732352e-01 5.216305373055227790e-01
4.006977171881893063e-01 4.883907676648440166e-01
4.195798918891257556e-01 4.535779841070732288e-01
4.370373080755582951e-01 4.173162297126128406e-01
4.530144166804231931e-01 3.797319035606843141e-01
4.674607756344245080e-01 3.409532239225395722e-01
4.803311064573804190e-01 3.011097977522035340e-01
4.915853480964478828e-01 2.603322238878851835e-01
5.011886903565785367e-01 2.187517751559872048e-01
5.091115914105267537e-01 1.765001827906426402e-01
5.153297960770679698e-01 1.337094406762606436e-01
5.198243438744888367e-01 9.051167235392229560e-02
5.225815694063505878e-01 4.703908294555481096e-02
5.235931087159492181e-01 3.423881579596308594e-03
5.228558930101623314e-01 -4.020168560094949245e-02
5.203721578841239426e-01 -8.370540293546317734e-02
5.161494364383752975e-01 -1.269550425490282020e-01
5.102005619200208342e-01 -1.698184032174495650e-01
5.025436647565658665e-01 -2.121633387665342318e-01
4.932021702742735436e-01 -2.538578245869580474e-01
4.822047902130806585e-01 -2.947700855039750989e-01
4.695855105296419807e-01 -3.347687546785229618e-01
4.553835708082445977e-01 -3.737231087769277149e-01
4.396434306270312620e-01 -4.115033695520575185e-01
4.224147299977976666e-01 -4.479810599634240775e-01
4.037522215792380131e-01 -4.830294604267880709e-01
3.837156930967103863e-01 -5.165241356088363656e-01
3.623698662096218603e-01 -5.483434831633091644e-01
3.397842664086057618e-01 -5.783694264985307365e-01
3.160330718629110192e-01 -6.064880820130407191e-01
2.911949269392026807e-01 -6.325905461016390063e-01
2.653527294844229001e-01 -6.565736510021120687e-01
2.385933822731045317e-01 -6.783407924708005909e-01
2.110075168826836267e-01 -6.978027148749422759e-01
1.826891797270370765e-01 -7.148783173545647518e-01
1.537354938093198897e-01 -7.294953914146684593e-01
1.242462840270714963e-01 -7.415913359980228492e-01
9.432368325759381278e-02 -7.511137781184104023e-01
6.407170835386491459e-02 -7.580211241487426754e-01
3.359582063430649468e-02 -7.622829976806968499e-01
3.002463475745009713e-03 -7.638805679277448357e-01
-2.760139254110573204e-02 -7.628067656551732467e-01
-5.810873677502136764e-02 -7.590663364966154791e-01
-8.841298069979684759e-02 -7.526758298699827154e-01
-1.184084358168375206e-01 -7.436633649810626689e-01
-1.479907663291938347e-01 -7.320683813888946290e-01
-1.770574363710361865e-01 -7.179411653555345385e-01
-2.055081361536807427e-01 -7.013423667318131605e-01
-2.332451824907281479e-01 -6.823423590622252899e-01
-2.601738974200301646e-01 -6.610205562237722043e-01
-2.862029548248009592e-01 -6.374646800584325979e-01
-3.112446955415121286e-01 -6.117699495633629470e-01
-3.352154184293730244e-01 -5.840383139710628724e-01
-3.580356233179033953e-01 -5.543776123463624028e-01
-3.796302446597490388e-01 -5.229008100750391907e-01
-3.999288268017872072e-01 -4.897252261472692103e-01
-4.188656984278251727e-01 -4.549718148146088548e-01
-4.363800923200734094e-01 -4.187645180624793850e-01
-4.524162622781479071e-01 -3.812296446494896629e-01
-4.669235612585008188e-01 -3.424953636124416501e-01
-4.798565089558395336e-01 -3.026912284731605451e-01
-4.911748398037610874e-01 -2.619478021064003959e-01
-5.008435345819375328e-01 -2.203963494764571707e-01
-5.088328465484999175e-01 -1.781685749831896648e-01
-5.151183126344689445e-01 -1.353964740483827867e-01
-5.196807634834723633e-01 -9.221216516526867246e-02
-5.225063277232651071e-01 -4.874785677737454581e-02
-5.235864313046710850e-01 -5.135759514992444680e-03
-5.229178022423951466e-01 3.849189394569295375e-02
-5.205024652786861550e-01 8.200288274507300246e-02
-5.163477475413266182e-01 1.252649821407202380e-01
-5.104662731314918434e-01 1.681459872751627227e-01
-5.028759653828087650e-01 2.105137474256460195e-01
-4.936000419901503955e-01 2.522362331145462377e-01
-4.826670068396749502e-01 2.931816548624621710e-01
-4.701106414596260552e-01 3.332186274833051076e-01
-4.559699777327611558e-01 3.722163965740379887e-01
-4.402892732000501796e-01 4.100451398626778765e-01
-4.231179624911453607e-01 4.465763238899459475e-01
-4.045106009602076891e-01 4.816831589117474000e-01
-3.845267801879209135e-01 5.152410916448765255e-01
-3.632310304045402449e-01 5.471284131679357010e-01
-3.406926922188577289e-01 5.772268780900515761e-01
-3.169857640033394430e-01 6.054224408082181652e-01
-2.921887195559612627e-01 6.316059724806540876e-01
-2.663842929166930773e-01 6.556740796771649560e-01
-2.396592366024417053e-01 6.775298736680714917e-01
-2.121040394412004038e-01 6.970838064976967452e-01
-1.838126225402503811e-01 7.142544335776891407e-01
-1.548819924218356736e-01 7.289691911647127043e-01
-1.254118778929144140e-01 7.411650846265763759e-01
-9.550432667754307769e-02 7.507893309687189154e-01
-6.526329106409671510e-02 7.577999044204588586e-01
-3.479418213689004780e-02 7.621659791005814810e-01
-4.203417931010523106e-03 7.638682712466343672e-01
2.640204655239031944e-02 7.628992388710713612e-01
5.691519075464139543e-02 7.592631774273143064e-01
8.722940251852663585e-02 7.529761612530730952e-01
1.172389480838350317e-01 7.440658747830445341e-01
1.468394300855921930e-01 7.325713092159173989e-01
1.759282347019364978e-01 7.185423419672214429e-01
2.044049561730258147e-01 7.020392263216125306e-01
2.321718016077725655e-01 6.831319621319558166e-01
2.591339683869575139e-01 6.618996328011140795e-01
2.851999916178321604e-01 6.384296348315476877e-01
3.102820654620485619e-01 6.128169244123798931e-01
3.342963245053511279e-01 5.851631873512556092e-01
3.571631046207648374e-01 5.555760573480642561e-01
3.788071567768200310e-01 5.241683081223714735e-01
3.991578472357046881e-01 4.910571009278690280e-01
4.181493089208683234e-01 4.563632663385285282e-01
4.357205847307452640e-01 4.202106308870149909e-01
4.518157262547305431e-01 3.827254327155245606e-01
4.663838875294790687e-01 3.440357651218621249e-01
4.793793832991305459e-01 3.042711450698779574e-01
4.907617431447175993e-01 2.635620949550240288e-01
5.004957418048689988e-01 2.220398604383939656e-01
5.085514248695428563e-01 1.798361328097468348e-01
5.149041223455989025e-01 1.370828949499033889e-01
5.195344568181808897e-01 9.391226791013829178e-02
5.224283489697532090e-01 5.045645137012520764e-02
5.235770173276528272e-01 6.847662080673250218e-03
5.229769812688610520e-01 -3.678187263128582241e-02
5.206300584706801127e-01 -8.029992825002121859e-02
5.165433674051232993e-01 -1.235742818029739870e-01
5.107293248131535846e-01 -1.664727265955325830e-01
5.032056460983806989e-01 -2.088631085527569986e-01
4.939953410305775172e-01 -2.506133920457793152e-01
4.831267070662217389e-01 -2.915917753610179908e-01
4.706333175387039658e-01 -3.316668523411713254e-01
4.565540000170323909e-01 -3.707078403208613482e-01
4.409328077708871696e-01 -4.085848722674695344e-01
4.238189735560396465e-01 -4.451693584860273445e-01
4.052668526237296343e-01 -4.803344292040001573e-01
3.853358410168150061e-01 -5.139554351113785335e-01
3.640902776857002920e-01 -5.459105420570532496e-01
3.415993170322324524e-01 -5.760813572253297155e-01
3.179367780544113953e-01 -6.043536556300610485e-01
2.931809626286733250e-01 -6.306181010142172250e-01
2.674144423329522513e-01 -6.547710605616422486e-01
2.407238170039580072e-01 -6.767153738035608379e-01
2.131994343896245481e-01 -6.963611917749231717e-01
1.849350874537483980e-01 -7.136267350905359796e-01
1.560276680354436563e-01 -7.284390805588812912e-01
1.265768061622317420e-01 -7.407348432078566525e-01
9.668446545731822217e-02 -7.504608306590849764e-01
6.645453276120023844e-02 -7.575745846645864923e-01
3.599236924455402609e-02 -7.620448332932892033e-01
5.404363486631265368e-03 -7.638518361306392279e-01
-2.520254298075100263e-02 -7.629875858274537404e-01
-5.572132201169686244e-02 -7.594559174159750681e-01
-8.604533759614174659e-02 -7.532724403404776892e-01
-1.160688119376602906e-01 -7.444643951379312785e-01
-1.456872872893519855e-01 -7.330703289621278707e-01
-1.747980714998293994e-01 -7.191397097146711159e-01
-2.033006642492884430e-01 -7.027323861320847742e-01
-2.310971634130667696e-01 -6.839179965552883989e-01
-2.580926413882702608e-01 -6.627752741718577756e-01
-2.841954974005660994e-01 -6.393913104614653564e-01
-3.093177749817999089e-01 -6.138607750908207095e-01
-3.333754508017073293e-01 -5.862851083942605124e-01
-3.562886898556111293e-01 -5.567717243034254748e-01
-3.779820677314986166e-01 -5.254332092846183411e-01
-3.983847650087241066e-01 -4.923865679189549649e-01
-4.174307260846427670e-01 -4.577524972070760589e-01
-4.350587982417518096e-01 -4.216547208849893424e-01
-4.512128353258704205e-01 -3.842193901428750946e-01
-4.658417897024388354e-01 -3.455745369797781352e-01
-4.788997725735812949e-01 -3.058496288423351306e-01
-4.903461084992173369e-01 -2.651751554922933130e-01
-5.001453656075210974e-01 -2.236823399356013264e-01
-5.082673827803495525e-01 -1.815028581920666018e-01
-5.146872822342938303e-01 -1.387686869050879790e-01
-5.193854790320566739e-01 -9.561194041422012291e-02
-5.223476859650617588e-01 -5.216481984559356855e-02
-5.235649135508257945e-01 -8.559538104713418707e-03
-5.230334736224795389e-01 3.507167414189667903e-02
-5.207549754115800011e-01 7.859659559298086406e-02
-5.167363302790204393e-01 1.218830001406078362e-01
-5.109897461405800145e-01 1.647986823197600259e-01
-5.035327317590823082e-01 2.072114833053960714e-01
-4.943880880392566568e-01 2.489893618643777007e-01
-4.835839065874927845e-01 2.900005044490315265e-01
-4.711535527953680802e-01 3.301134846022583114e-01
-4.571356498271714197e-01 3.691974920695221818e-01
-4.415740454297560347e-01 4.071226145034998467e-01
-4.245177714250559786e-01 4.437602085325074164e-01
-4.060209824429035774e-01 4.789833223676461249e-01
-3.861428793110203150e-01 5.126672157158108645e-01
-3.649476087520745482e-01 5.446899244491916203e-01
-3.425041391564881965e-01 5.749329165791060570e-01
-3.188861099785456621e-01 6.032817803562374737e-01
-2.941716504067729554e-01 6.296269828671714475e-01
-2.684431699547109584e-01 6.538646429336185673e-01
-2.417871140375519590e-01 6.758973399366284829e-01
-2.142936907291545234e-01 6.956349151337389847e-01
-1.860565620713849344e-01 7.129952644441168719e-01
-1.571725072280923674e-01 7.279050989912334568e-01
-1.277410539841121184e-01 7.403006496538561132e-01
-9.786408423026604630e-02 7.501283128021926094e-01
-6.764541572181860529e-02 7.573451983732678583e-01
-3.719036180663777558e-02 7.619195917141636798e-01
-6.605278396447526734e-03 7.638312907523017170e-01
2.400290508640069015e-02 7.630718303999586283e-01
5.452715519769670699e-02 7.596445761720740375e-01
8.486081178790046142e-02 7.535646822225022801e-01
1.148980541844304426e-01 7.448589348667057353e-01
1.445343650007940572e-01 7.335654457000279072e-01
1.736669739200943363e-01 7.197332646481946483e-01
2.021952874850438397e-01 7.034218406673554691e-01
2.300212939557408354e-01 6.847004461163155309e-01
2.570499422627550157e-01 6.636474639585185908e-01
2.831894953935655823e-01 6.403496804428627787e-01
3.083518472683812184e-01 6.149014747792896918e-01
3.324528168619172996e-01 5.874040445531480970e-01
3.554123983173517742e-01 5.579645782853982494e-01
3.771549930316022703e-01 5.266954782018241632e-01
3.976095947006607068e-01 4.937135880907209673e-01
4.167099614053343948e-01 4.591394714311639036e-01
4.343947425569205101e-01 4.230967497865162907e-01
4.506075971355663068e-01 3.857114818612330520e-01
4.652972730965005965e-01 3.471116455960940872e-01
4.784176809294946042e-01 3.074266471302879999e-01
4.899279377850204731e-01 2.667869569560093468e-01
4.997924071674225144e-01 2.253237590918508726e-01
5.079807199483440394e-01 1.831687312092621922e-01
5.144677911703975370e-01 1.404538257898670095e-01
5.192338285301597578e-01 9.731116778634207876e-02
5.222643360197526397e-01 5.387294317103118874e-02
5.235501177654022786e-01 1.027137601440333142e-02
5.230872757926723349e-01 -3.336131280563569418e-02
5.208772136863447644e-01 -7.689289431559649668e-02
5.169266324641761390e-01 -1.201911477458195709e-01
5.112475347410457838e-01 -1.631238629980116539e-01
5.038572189333109241e-01 -2.055588799329556848e-01
4.947782808032437640e-01 -2.473641511001768989e-01
4.840386024104798568e-01 -2.884078496353272847e-01
4.716713444168177394e-01 -3.285585329970568402e-01
4.577149227658112718e-01 -3.676853577735521572e-01
4.422129822890175643e-01 -4.056583749645076287e-01
4.252143514175857897e-01 -4.423488780992329006e-01
4.067729858003544252e-01 -4.776298460391263379e-01
3.869478897797742345e-01 -5.113764349682503596e-01
3.658030182333407154e-01 -5.434665664353177661e-01
3.434071533634898699e-01 -5.737815550108910090e-01
3.198337540428793369e-01 -6.022068188392738497e-01
2.951607778573655527e-01 -6.286326146312092300e-01
2.694704699478288057e-01 -6.529548277699338543e-01
2.428491232435822933e-01 -6.750757670145863809e-01
2.153868029964643993e-01 -6.949049742982589262e-01
1.871770425910599667e-01 -7.123600157685022749e-01
1.583165052486517066e-01 -7.273672410430498392e-01
1.289046183142069646e-01 -7.398624979119510225e-01
9.904317932298624394e-02 -7.497917695087570333e-01
6.883593762926754067e-02 -7.571117396693727297e-01
3.838815739117382858e-02 -7.617902452793798851e-01
7.806161035062153530e-03 -7.638066293722622913e-01
-2.280313405508463398e-02 -7.631519639037135372e-01
-5.333269130187372198e-02 -7.598291478846862512e-01
-8.367582526845973590e-02 -7.538528801880872710e-01
-1.137266752184198648e-01 -7.452494879674931294e-01
-1.433806627808455747e-01 -7.340566557585492813e-01
-1.725349418135267154e-01 -7.203230008367028647e-01
-2.010888253290378791e-01 -7.041075895482445945e-01
-2.289441926444827080e-01 -6.854793057474003470e-01
-2.560058708178554188e-01 -6.645162043856716050e-01
-2.821819847615011367e-01 -6.413047416061147254e-01
-3.073842828534916749e-01 -6.159390270274908152e-01
-3.315284218853949416e-01 -5.885199953094265579e-01
-3.545342314526559457e-01 -5.591546225261141423e-01
-3.763259322117512018e-01 -5.279551171402186993e-01
-3.968323386367864081e-01 -4.950381627481760805e-01
-4.159870150020619772e-01 -4.605241934829651940e-01
-4.337284206291018851e-01 -4.245367158359630300e-01
-4.500000125216917501e-01 -3.872017134242122793e-01
-4.647503408623834265e-01 -3.486470859193054883e-01
-4.779331099104243696e-01 -3.090022052295211541e-01
-4.895072338914845389e-01 -2.683974916871721961e-01
-4.994368685776757744e-01 -2.269641217347111994e-01
-5.076914386513758926e-01 -1.848337426289206054e-01
-5.142456515320167343e-01 -1.421383131214443984e-01
-5.190795067612643532e-01 -9.900994020488976255e-02
-5.221783014738157203e-01 -5.558082016278707155e-02
-5.235326304922656160e-01 -1.198316614202770553e-02
-5.231383897495400781e-01 3.165079249316639365e-02
-5.209967728791058406e-01 7.518883344520764511e-02
-5.171142752605875081e-01 1.184987308724275018e-01
-5.115026893148564291e-01 1.614482767112334904e-01
-5.041791080099206068e-01 2.039053065894319006e-01
-4.951659172332670833e-01 2.457377666801141558e-01
-4.844907938982981888e-01 2.868138204180794570e-01
-4.721866900956090407e-01 3.270020036069497538e-01
-4.582918176684702694e-01 3.661714482886553879e-01
-4.428496157518273524e-01 4.041921592671571806e-01
-4.259087114192435242e-01 4.409353792442280984e-01
-4.075228598652353984e-01 4.762740058643286645e-01
-3.877508694206669437e-01 5.100831058524093464e-01
-3.666565029188667557e-01 5.422404742706699032e-01
-3.443083555644633753e-01 5.726272858423447909e-01
-3.207797064959080346e-01 6.011287784589806060e-01
-2.961483398472523620e-01 6.276350091522414631e-01
-2.704963377659912460e-01 6.520416239119151136e-01
-2.439098384535451358e-01 6.742506666314539432e-01
-2.164787655977074843e-01 6.941713794752506494e-01
-1.882965219652886213e-01 7.117209988253940800e-01
-1.594596552444360882e-01 7.268255176015153696e-01
-1.300674913678992461e-01 7.394203957828330287e-01
-1.002217425341130203e-01 7.494512110234431423e-01
-7.002609012603505656e-02 7.568742146922666780e-01
-3.958574654831931855e-02 7.616568018329327172e-01
-9.007002574393449534e-03 7.637778570610864737e-01
2.160324026486389049e-02 7.632279900118156268e-01
5.213793956345297992e-02 7.600096370531853607e-01
8.249038882251895355e-02 7.541370324995065877e-01
1.125546846668769863e-01 7.456360584189390961e-01
1.422261911806342038e-01 7.345439517442629018e-01
1.714019851444300302e-01 7.209089211086390225e-01
1.999812874604056101e-01 7.047896206860562174e-01
2.278658696381764825e-01 6.862545758330064194e-01
2.549604353740935192e-01 6.653814806897720979e-01
2.811729755600669289e-01 6.422564904053892354e-01
3.064150884559543875e-01 6.169734167308666972e-01
3.306022753939490411e-01 5.896329522150047797e-01
3.536541943863526494e-01 5.603418435518520146e-01
3.754948937814795440e-01 5.292121127197275676e-01
3.960530005515582319e-01 4.963602812109106366e-01
4.152618939499044259e-01 4.619066459980871175e-01
4.330598351135692137e-01 4.259746113818739244e-01
4.493900868439286156e-01 3.886900651030395504e-01
4.642009949138801161e-01 3.501808527527625059e-01
4.774460630630819047e-01 3.105762828691408517e-01
4.890839982664236252e-01 2.700067558810078094e-01
4.990787516518646605e-01 2.286034086348248673e-01
5.073995400303744630e-01 1.864978889475090995e-01
5.140208636141798682e-01 1.438221317869074756e-01
5.189225146079018414e-01 1.007082536213744633e-01
5.220895813938878360e-01 5.728843632726984825e-02
5.235124523207639324e-01 1.369490337353328202e-02
5.231868136399907554e-01 -2.994012505131357638e-02
5.211136531994271515e-01 -7.348441940786870630e-02
5.172992561791891486e-01 -1.168057590022188452e-01
5.117552095789329458e-01 -1.597719312671823655e-01
5.044983960953912661e-01 -2.022507708307490493e-01
4.955509964317988403e-01 -2.441102177593488520e-01
4.849404778957189244e-01 -2.852184229177249231e-01
4.726995879971381265e-01 -3.254439066039405137e-01
4.588663309340802465e-01 -3.646557685124245940e-01
4.434839430290368756e-01 -4.027239781388182727e-01
4.266008476005708761e-01 -4.395197159480992988e-01
4.082706008677832177e-01 -4.749158125036964662e-01
3.885518141267034764e-01 -5.087872317834426505e-01
3.675080581580366101e-01 -5.410116577751740152e-01
3.452077414184394621e-01 -5.714701123350697243e-01
3.217239619669482464e-01 -6.000476673947316986e-01
2.971343317204824808e-01 -6.266341699182407243e-01
2.715207675651306052e-01 -6.511250372239718587e-01
2.449692546412703398e-01 -6.734220426498770395e-01
2.175695724992725011e-01 -6.934341339048828434e-01
1.894149947102015952e-01 -7.110782176343215522e-01
1.606019512686314710e-01 -7.262799295082275064e-01
1.312296671895640254e-01 -7.389743467487360773e-01
1.013997682123105037e-01 -7.491066365898859658e-01
7.121586685095787628e-02 -7.566326253358440779e-01
4.078312400764763646e-02 -7.615192602132464517e-01
1.020779644167211717e-02 -7.637449729850303015e-01
-2.040322866414640002e-02 -7.632999083637138638e-01
-5.094290646854442856e-02 -7.601860393182605646e-01
-8.130450726118805538e-02 -7.544171403590884672e-01
-1.113820885683131645e-01 -7.460186382516377224e-01
-1.410709551185272415e-01 -7.350273363834911589e-01
-1.702681091642010980e-01 -7.214910147016482256e-01
-1.988726791185047027e-01 -7.054679373787301477e-01
-2.267863291675895621e-01 -6.870262444278250058e-01
-2.539136415666358726e-01 -6.662432950699948009e-01
-2.801624709491132847e-01 -6.432049157014494423e-01
-3.054442699934304395e-01 -6.180046433202276424e-01
-3.296743796286668582e-01 -5.907429066246836502e-01
-3.527722930447765304e-01 -5.615262369303011258e-01
-3.746618793480184229e-01 -5.304664596137581567e-01
-3.952715860143172777e-01 -4.976799349674974615e-01
-4.145345995428070252e-01 -4.632868268075504004e-01
-4.323889908551468708e-01 -4.274104244885840731e-01
-4.487778213487412793e-01 -3.901765369546693063e-01
-4.636492390850003309e-01 -3.517129319602214088e-01
-4.769565417394147078e-01 -3.121488810298148620e-01
-4.886582335692815082e-01 -2.716147345790875800e-01
-4.987180578706297274e-01 -2.302416204285503420e-01
-5.071050255316196242e-01 -1.881611555722784712e-01
-5.137934289373488062e-01 -1.455052811188360662e-01
-5.187628523647617174e-01 -1.024060946221926893e-01
-5.219981771759569789e-01 -5.899578914202508600e-02
-5.234895825192419361e-01 -1.540657589660528702e-02
-5.232325485357969264e-01 2.822931504323107632e-02
-5.212278530439586888e-01 7.177966229015822486e-02
-5.174815757650462755e-01 1.151122386703467282e-01
-5.120050932175901348e-01 1.580948350725096818e-01
-5.048150830250214272e-01 2.005952809476008736e-01
-4.959335155205402135e-01 2.424815111821644054e-01
-4.853876533975166607e-01 2.836216668864549040e-01
-4.732100349482412094e-01 3.238842475478395100e-01
-4.594384607595201619e-01 3.631383294358108693e-01
-4.441159606905419333e-01 4.012538361956734523e-01
-4.272907571957740847e-01 4.381019000852309220e-01
-4.090162051766935147e-01 4.735552700518116387e-01
-3.893507201656415950e-01 5.074888249980421540e-01
