2.617993877991494411e+00 5.000000000000000000e+00
2.817623763999330677e+00 4.964175993608697546e+00
3.016143345720181834e+00 4.944764250001803418e+00
3.214226496658723953e+00 4.942463937392773232e+00
3.412562821828444282e+00 4.957357413949647906e+00
3.611832720236954231e+00 4.988909666097688600e+00
3.812682884756030788e+00 5.035969955841538948e+00
4.015701626406746882e+00 5.096778080286195056e+00
4.221394745619884148e+00 5.168981132060685546e+00
4.430162405752215982e+00 5.249668987008178966e+00
4.642277975235187704e+00 5.335438357383805119e+00
4.857870170303942636e+00 5.422494255158740728e+00
5.076910090247698015e+00 5.506794878710480567e+00
5.299204993651575712e+00 5.584241389757580443e+00
5.524400435427945233e+00 5.650905484378514920e+00
5.751992162535883857e+00 5.703279667018517074e+00
5.981347919138928049e+00 5.738525349672798370e+00
6.211738805507184935e+00 5.754690883911713684e+00
6.442378249203343898e+00 5.750869945702210551e+00
6.672465725952232418e+00 5.727277410179545392e+00
6.901231629811870327e+00 5.685231240105615313e+00
7.127979637470009067e+00 5.627043015642628099e+00
7.352122970078952768e+00 5.555833952042982915e+00
7.573212357725773280e+00 5.475301662783369494e+00
7.790954048581733460e+00 5.389467988937537868e+00
8.005217883166825033e+00 5.302435043704233131e+00
8.216036077178017649e+00 5.218170738445142121e+00
8.423594221811105953e+00 5.140335654702050228e+00
8.628216258966535435e+00 5.072155093621527833e+00
8.830345180964513929e+00 5.016332860275767302e+00
9.030520966930824400e+00 4.974999356529687944e+00
9.229357015132373832e+00 4.949684126111041138e+00
9.427515769685038904e+00 4.941303998347580162e+00
9.625684070644711099e+00 4.950159146744488758e+00
9.824548416070031820e+00 4.975932336991586880e+00
1.002477022644719007e+01 5.017689733269348196e+00
1.022696119560630912e+01 5.073884977272103747e+00
1.043165894698257112e+01 5.142371395765716890e+00
1.063930346451594211e+01 5.220429891922099053e+00
1.085021510885105656e+01 5.304821781287018645e+00
1.106457541731987781e+01 5.391876056235173742e+00
1.128241219350323199e+01 5.477618488713939193e+00
1.150359069710163418e+01 5.557945992174076366e+00
1.172781277477668382e+01 5.628842754253717828e+00
1.195462504591955266e+01 5.686623471458883472e+00
1.218343730117599222e+01 5.728186346578056920e+00
1.241355064314968359e+01 5.751244960476523893e+00
1.264419402428552353e+01 5.754510836091424331e+00
1.287456669186147273e+01 5.737800363619394162e+00
1.310388309841228782e+01 5.702050277643764709e+00
1.333141653463475151e+01 5.649239262591493116e+00
1.355653790348630139e+01 5.582227342102672019e+00
1.377874682099840165e+01 5.504537253748463144e+00
1.399769323033180513e+01 5.420105226992998126e+00
1.421318893354593449e+01 5.333031374682403403e+00
1.442520949845232536e+01 5.247352974221395350e+00
1.463388783769995705e+01 5.166856112675857204e+00
1.483950109057058953e+01 5.094931530357212246e+00
1.504245263965495560e+01 5.034474579308448661e+00
1.524325087961382863e+01 4.987822182548959482e+00
1.544248605515967121e+01 4.956717875362627090e+00
1.564080611101105589e+01 4.942295432355636287e+00
1.583889210063147779e+01 4.945072812454843536e+00
1.603743346684056092e+01 4.964950646345800855e+00
1.623710329993131296e+01 5.001212470152396783e+00
1.643853364234939818e+01 5.052527242521037465e+00
1.664229099916289556e+01 5.116957944465906571e+00
1.684885242199451838e+01 5.191982943638632442e+00
1.705858284610893350e+01 5.274538912840339933e+00
1.727171475698663983e+01 5.361094968826319196e+00
1.748833157036044739e+01 5.447766353220714564e+00
1.770835648323095768e+01 5.530472902813974301e+00
1.793154854790624242e+01 5.605140979800460777e+00
1.815750758049442126e+01 5.667939723949981357e+00
1.838568893372918822e+01 5.715533350791303313e+00
1.861542828213394429e+01 5.745323740939290325e+00
1.884597544122740942e+01 5.755653690400603928e+00
1.907653506962542522e+01 5.745942966297134191e+00
1.930631112617487943e+01 5.716737098133910955e+00
1.953455138315078088e+01 5.669661479772703849e+00
1.976058829852339116e+01 5.607287811416687973e+00
1.998387308078358870e+01 5.532932400927269789e+00
2.020400077731855504e+01 5.450414715585204739e+00
2.042072539110202101e+01 5.363804432723624060e+00
2.063396502407664101e+01 5.277184943908539871e+00
2.084379827441280852e+01 5.194449522888551662e+00
2.105045321113882650e+01 5.119142065170497524e+00
2.125429095863854556e+01 5.054341675621055963e+00
2.145578542019694623e+01 5.002587580095388731e+00
2.165550067910826471e+01 4.965835350602078258e+00
2.185406711038390526e+01 4.945435027477959267e+00
2.205215690208703805e+01 4.942122157306768848e+00
2.225045935654810592e+01 4.956015292178488352e+00
2.244965616123224805e+01 4.986615629538899697e+00
2.265039665378063916e+01 5.032808477086724963e+00
2.285327324109072222e+01 5.092869044624514174e+00
2.305879721262870063e+01 5.164478417235991436e+00
2.326737554143746678e+01 5.244757787732200249e+00
2.347928957611147638e+01 5.330330467488994195e+00
2.369467693197176317e+01 5.417420841757943251e+00
2.391351820511677317e+01 5.501996782619042570e+00
2.413563029836723928e+01 5.579956845837864776e+00
2.436066805785747746e+01 5.647356032499276424e+00
2.458813549477016025e+01 5.700655027357099947e+00
2.481740708660592887e+01 5.736969505817159920e+00
2.504775859551065764e+01 5.754290678414348825e+00
2.527840565574787135e+01 5.751647873245409492e+00
2.550854730889927779e+01 5.729189701471194773e+00
2.573741093280647974e+01 5.688171534308032129e+00
2.596429479949614461e+01 5.630851193340949301e+00
2.618860485315578401e+01 5.560308484345030777e+00
2.640988314509892021e+01 5.480214151719028592e+00
2.662782648998424762e+01 5.394577935275647107e+00
2.684229507836774076e+01 5.307503547073156192e+00
2.705331177863217107e+01 5.222971967419590023e+00
2.726105354852883522e+01 5.144665776141304825e+00
2.746583670912470154e+01 5.075838567820404990e+00
2.766809784849296960e+01 5.019226505731071875e+00
2.786837190515102591e+01 4.976994554536084969e+00
2.806726863461260635e+01 4.950707954207247852e+00
2.826544828008339749e+01 4.941319652041542554e+00
2.846359693426889592e+01 4.949166031975619440e+00
2.866240179448299941e+01 4.973966100354385134e+00
2.886252643445055099e+01 5.014822144723581232e+00
2.906458614145718045e+01 5.070223529359147108e+00
2.926912354596806409e+01 5.138058238599532146e+00
2.947658498857336440e+01 5.215639607110725606e+00
2.968729841422003446e+01 5.299757420038274880e+00
2.990145396288049184e+01 5.386762897264506300e+00
3.011908878149778701e+01 5.472695330504860678e+00
3.034007781356072542e+01 5.553453713032955541e+00
3.056413232532742086e+01 5.625010177063715311e+00
3.079080764474953824e+01 5.683653212899418605e+00
3.101952090803592910e+01 5.726240061141059989e+00
3.124957866026151265e+01 5.750430839250854298e+00
3.148021297103950289e+01 5.754874678376383557e+00
3.171062360156809135e+01 5.739321685902270431e+00
3.194002287113843863e+01 5.704644021717843572e+00
3.216767947049106624e+01 5.652762865739539677e+00
3.239295762440835347e+01 5.586492325077606402e+00
3.261534869784792079e+01 5.509322932095670922e+00
3.283449339312956283e+01 5.425173680521830022e+00
3.305019386973454232e+01 5.338141703770517665e+00
3.326241619769939462e+01 5.252273650563003216e+00
3.347128436279325570e+01 5.171374645841865458e+00
3.367706749874270145e+01 5.098861819318018185e+00
3.388016214052134956e+01 5.037661664368841663e+00
3.408107114567022933e+01 4.990145061256685999e+00
3.428038061796011249e+01 4.958090954111367132e+00
3.447873578885743484e+01 4.942669130669682609e+00
3.467681644885963266e+01 4.944433761825244744e+00
3.487531223084697274e+01 4.963321722281863302e+00
3.507489786705576051e+01 4.998652734950844945e+00
3.527620848847504220e+01 5.049131680295392499e+00
3.547981511524213261e+01 5.112856680010394506e+00
3.568620069160679265e+01 5.187339485510701564e+00
3.589573732999431854e+01 5.269546841188889275e+00
3.610866578094724133e+01 5.355972595454925766e+00
3.632507858437804060e+01 5.442748833595261182e+00
3.654490852835430559e+01 5.525801735148252902e+00
3.676792426145967596e+01 5.601050988076977433e+00
3.699373463090148562e+01 5.664644535256736724e+00
3.722180288579378526e+01 5.713210624632237611e+00
3.745147086532055880e+01 5.744101671103724271e+00
3.768199235604359387e+01 5.755600723388506701e+00
3.791257345599846218e+01 5.747062065816105125e+00
3.814241691707649551e+01 5.718965494650272596e+00
3.837076675539920245e+01 5.672875937492523057e+00
3.859694943608075590e+01 5.611314578091056937e+00
3.882040841273129672e+01 5.537560568382056125e+00
3.904072978457347176e+01 5.455410728879245497e+00
3.925765797461492923e+01 5.368926967186865795e+00
3.947110149106661936e+01 5.282197724657452298e+00
3.968112973802736576e+01 5.199132427630923203e+00
3.988796243327794144e+01 5.123299016238309633e+00
4.009195341852097982e+01 5.057806314896878597e+00
4.029357058597446439e+01 5.005226698733155288e+00
4.049337337803055448e+01 4.967550763171359129e+00
4.069198895121617454e+01 4.946164405815048681e+00
4.089008771885993809e+01 4.941839391343142651e+00
4.108835866596114528e+01 4.954730487697165842e+00
4.128748460765084616e+01 4.984375100711774031e+00
4.148811746368360076e+01 5.029694572251598217e+00
4.169085366107194091e+01 5.088999614070538691e+00
4.189620989383284666e+01 5.160005454396790370e+00
4.210459987078056798e+01 5.239864753784471141e+00
4.231631285134143639e+01 5.325227697197862042e+00
4.253149530522847499e+01 5.412338570647034608e+00
4.275013730202642392e+01 5.497175656668475519e+00
4.297206539483296694e+01 5.575635482453952463e+00
4.319694373681705457e+01 5.643757411262312118e+00
4.342428469720523765e+01 5.697971116462469787e+00
4.365346959071010957e+01 5.735347323927661556e+00
4.388377897108990311e+01 5.753820686746223600e+00
4.411443082997402598e+01 5.752356496578946654e+00
4.434462394577920463e+01 5.731037139564023164e+00
4.457358281658657972e+01 5.691055017631605040e+00
4.480060046917197525e+01 5.634613457182917173e+00
4.502507565235267606e+01 5.564750024529434569e+00
4.524654181484677196e+01 5.485107662208275059e+00
4.546468635540553294e+01 5.399683148231739338e+00
4.567935979992871154e+01 5.312581015046269783e+00
4.589057563452223576e+01 5.227794758495220684e+00
4.609850212769953970e+01 5.149028542921299412e+00
4.630344791515035752e+01 5.079563985231501100e+00
4.650584311289352968e+01 5.022169405454352642e+00
4.670621752843869245e+01 4.979044277633406068e+00
4.690517719522976137e+01 4.951789493355169824e+00
4.710338007446676301e+01 4.941394087632561494e+00
4.730151142191335367e+01 4.948230681950468224e+00
4.750025905582396746e+01 4.972054503153362504e+00
4.770028861814957821e+01 5.012003980753259924e+00
4.790221890864089005e+01 5.066604252330195735e+00
4.810659749396215545e+01 5.133778145004662008e+00
4.831387697205109788e+01 5.210871199678669186e+00
4.852439282499307183e+01 5.294702534891387202e+00
4.873834374200870911e+01 5.381645538835811315e+00
4.895577617493879785e+01 5.467753882021923140e+00
4.917657471144003978e+01 5.548929060183697359e+00
4.940046010988329783e+01 5.621132460715487333e+00
4.962699645142441796e+01 5.680626982676964865e+00
4.985560831791717362e+01 5.724229684223949732e+00
5.008560781478342250e+01 5.749547815913693682e+00
5.031623026300557910e+01 5.755168558592204775e+00
5.054667608874233053e+01 5.740775891200605940e+00
5.077615563669506571e+01 5.707177267309112345e+00
5.100393314837364755e+01 5.656235895297151650e+00
5.122936628622328925e+01 5.590718992870259640e+00
5.145193824428388041e+01 5.514084064870422353e+00
5.167128052790231862e+01 5.430231961037605082e+00
5.188718566212845928e+01 5.343255963360348026e+00
5.209961018577313752e+01 5.257211366630844651e+00
5.230866910921991320e+01 5.175921960156402157e+00
5.251462349403903573e+01 5.102830898473009746e+00
5.271786294214243185e+01 5.040895682418573998e+00
5.291888473500575429e+01 4.992520796519445803e+00
5.311827069156183967e+01 4.959520858224278683e+00
5.331666330389474240e+01 4.943101408057037460e+00
5.351474097215676551e+01 4.943852990087919785e+00
5.371319346380933268e+01 4.961748646565982135e+00
5.391269705412906887e+01 4.996144309175307718e+00
5.411388988454535820e+01 5.045780812300521667e+00
5.431734740715934606e+01 5.108791478434876687e+00
5.452355837960116247e+01 5.182721591218769852e+00
5.473290201323010251e+01 5.264568282944107835e+00
5.494562728651600736e+01 5.350850465712417403e+00
5.516183581599865704e+01 5.437717603853233328e+00
5.538146996462598537e+01 5.521102794256918855e+00
5.560430798149315734e+01 5.596919920584672248e+00
5.582996780710549700e+01 5.661296674081905955e+00
5.605792065776168442e+01 5.710826113143029126e+00
5.628751466199776843e+01 5.742811945520529093e+00
5.651800771174401916e+01 5.755477951688682481e+00
5.674860750236130258e+01 5.748113139949528438e+00
5.697851573355642785e+01 5.721131446472575988e+00
5.720697281343394991e+01 5.676036876221133731e+00
5.743329933640819718e+01 5.615299408327940611e+00
5.765693108871028727e+01 5.542160068095538961e+00
5.787744526474585882e+01 5.460392272179999118e+00
5.809457674168239549e+01 5.374049191239722134e+00
5.830822440283573371e+01 5.287223768856755157e+00
5.851844843579511490e+01 5.203840868387223928e+00
5.872546013474947557e+01 5.127492153158700994e+00
5.892960598426293473e+01 5.061315951533035040e+00
5.913134779893491810e+01 5.007917624736622386e+00
5.933124030641956637e+01 4.969322552558945283e+00
5.952990733240087451e+01 4.946952740932104575e+00
5.972801746034896553e+01 4.941615916114446172e+00
5.992625924229442802e+01 4.953503222264721728e+00
6.012531655930806096e+01 4.982188227624171795e+00
6.032584381352035763e+01 5.026628360537918283e+00
6.052844136338892156e+01 5.085169898281654000e+00
6.073363124684406955e+01 5.155562332021887073e+00
6.094183383288353895e+01 5.234989997589987176e+00
6.115334623131390401e+01 5.320130321996288991e+00
6.136832372816351011e+01 5.407248008267584005e+00
6.158676584143154287e+01 5.492332181142837833e+00
6.180850877849830738e+01 5.571278469639001862e+00
6.203322602114263162e+01 5.640110881219823291e+00
6.226043837619221932e+01 5.695229310651081178e+00
6.248953410112553541e+01 5.733660282431261912e+00
6.271979867625118032e+01 5.753282456795258959e+00
6.295045260499026085e+01 5.752997373735809106e+00
6.318069454360529136e+01 5.732821061723347711e+00
6.340974626183835028e+01 5.693882690103944100e+00
6.363689566645721385e+01 5.638330469871337236e+00
6.386153440995114039e+01 5.569158959723989000e+00
6.408318740356452281e+01 5.489982442886656600e+00
6.430153265586625366e+01 5.404783908711322304e+00
6.451641104469048571e+01 5.317667957021323666e+00
6.472782664812299913e+01 5.232639943001199612e+00
6.493593899532947944e+01 5.153425140395810899e+00
6.514104896736549222e+01 5.083332834944726208e+00
6.534358012803608062e+01 5.025163303639270218e+00
6.554405706938652543e+01 4.981150443398817629e+00
6.574308201523072626e+01 4.952930772408006277e+00
6.594131055676888309e+01 4.941529426912733669e+00
6.613942703102445364e+01 4.947355269893069618e+00
6.633811978868502024e+01 4.970199752999719500e+00
6.653805645552340309e+01 5.009237464743826251e+00
6.673985925850541889e+01 5.063029330073003820e+00
6.694408060100084867e+01 5.129532918529867480e+00
6.715117931100385817e+01 5.206126934420034935e+00
6.736149830168319852e+01 5.289658959107661040e+00
6.757524477423771714e+01 5.376526005490290139e+00
6.779247444576050441e+01 5.462795949368675963e+00
6.801308154137207396e+01 5.544373933948342881e+00
6.823679632996058331e+01 5.617211320387149875e+00
6.846319172101111405e+01 5.677546332042650690e+00
6.869169982620256576e+01 5.722156685010106436e+00
6.892163844709797615e+01 5.748597410039362643e+00
6.915224630001381456e+01 5.755394107247805202e+00
6.938272463406144652e+01 5.742164772391772587e+00
6.961228196348913855e+01 5.709651694229783914e+00
6.984017821967812267e+01 5.659659813750339552e+00
7.006576461211278684e+01 5.594908566771135128e+00
7.028851624093114481e+01 5.518821625562382316e+00
7.050805545398162621e+01 5.435280815980076063e+00
7.072416515221928535e+01 5.348374785113842123e+00
7.093679232255537670e+01 5.262166818268193325e+00
7.114604295717508364e+01 5.180498865426883981e+00
7.135216998772918373e+01 5.106839741168934133e+00
7.155555602751132938e+01 5.044177379093719438e+00
7.175669262798734849e+01 4.994950646182741316e+00
7.195615735572842198e+01 4.961008806939214644e+00
7.215458976377927058e+01 4.943593818045217247e+00
7.235266686864032692e+01 4.943332203146788117e+00
7.255107842986041078e+01 4.960233338561609528e+00
7.275050221221347613e+01 4.993689334697651638e+00
7.295157928086921117e+01 5.042477152882199221e+00
7.315488942981207288e+01 5.104765016655178123e+00
7.336092715688647559e+01 5.178132192256873267e+00
7.357007869646589882e+01 5.259606131298644627e+00
7.378260119050730736e+01 5.345731406579558254e+00
7.399860528923800018e+01 5.432675307370666395e+00
7.421804291490222738e+01 5.516378601613931565e+00
7.444070193472821018e+01 5.592750144083860064e+00
7.466620941801961919e+01 5.657898190050637766e+00
7.489404463462115302e+01 5.708381516506222830e+00
7.512356211145140605e+01 5.741455850785756709e+00
7.535402398957342029e+01 5.755286254139909907e+00
7.558463971395114811e+01 5.749096658505991719e+00
7.581461008934354595e+01 5.723235026211055398e+00
7.604317206530475914e+01 5.679144007444108411e+00
7.626964048249411121e+01 5.619241719783086175e+00
7.649344356366603392e+01 5.546730122687100639e+00
7.671414964461737895e+01 5.465358405108177386e+00
7.693148407694309299e+01 5.379170183844562025e+00
7.714533611027523818e+01 5.292262165794996420e+00
7.735575668082617540e+01 5.208574091585204791e+00
7.756294860627396304e+01 5.131720927931711529e+00
7.776725095628266615e+01 5.064870123081814057e+00
7.796911936497664897e+01 5.010659919084690550e+00
7.816910374428323394e+01 4.971150748119625540e+00
7.836782456091484050e+01 4.947800185823389540e+00
7.856594842790946132e+01 4.941452313325785717e+00
7.876416342935182513e+01 4.952334446752778341e+00
7.896315439502849642e+01 4.980056360525341397e+00
7.916357814864878151e+01 5.023611544780115956e+00
7.936603889094698161e+01 5.081381880480138058e+00
7.957106391470597373e+01 5.151151235064911127e+00
7.977908017544935149e+01 5.230135804813090594e+00
7.999039256776636364e+01 5.315040541651244510e+00
8.020516513701004158e+01 5.402151020333660014e+00
8.042340681945918845e+01 5.487467931710344082e+00
8.064496347716439573e+01 5.566886672962570337e+00
8.086951796691572270e+01 5.636416989960021162e+00
8.109659959478871372e+01 5.692429722046230545e+00
8.132560367224394327e+01 5.731907981964047494e+00
8.155582072995879628e+01 5.752675050361087727e+00
8.178647393463442938e+01 5.753569037641110384e+00
8.201676198376908644e+01 5.734539665945684206e+00
8.224590406790117925e+01 5.696652495730528010e+00
8.247318310598848257e+01 5.642000008461916849e+00
8.269798375616576891e+01 5.573532941634334215e+00
8.291982245988664602e+01 5.494836039073602407e+00
8.313836787088168023e+01 5.409877634081945885e+00
8.335345120932150564e+01 5.322761639798560651e+00
8.356506711624041372e+01 5.237504675241978269e+00
8.377336633303553981e+01 5.157852637637510007e+00
8.397864192361969060e+01 5.087142042359036331e+00
8.418131082034913959e+01 5.028205451587200336e+00
8.438189234427294139e+01 4.983310366025113680e+00
8.458098480328308710e+01 4.954129434784413810e+00
8.477924133838669718e+01 4.941723653531668425e+00
8.497734529037275308e+01 4.946538075978620164e+00
8.517598545392883125e+01 4.968400446505039980e+00
8.537583135437358806e+01 5.006521501448306211e+00
8.557750856400147654e+01 5.059498024723843024e+00
8.578157425228896216e+01 5.125322481695967269e+00
8.598849337351714439e+01 5.201406490859111997e+00
8.619861622239066890e+01 5.284626940143512641e+00
8.641215844709248017e+01 5.371404353944463139e+00
8.662918499526227833e+01 5.457821763426331962e+00
8.684959971792251565e+01 5.539788465840926435e+00
8.707314241656750653e+01 5.613246697414153275e+00
8.729939488693534599e+01 5.674411015621629417e+00
8.752779685969063905e+01 5.720020407380608241e+00
8.775767195048439362e+01 5.747578481802076311e+00
8.798826241483611454e+01 5.755549681590747646e+00
8.821877047974219010e+01 5.743486029148751726e+00
8.844840299617169421e+01 5.712064825582264582e+00
8.867641571747989815e+01 5.663031742155537174e+00
8.890215351146360945e+01 5.599057981017390162e+00
8.912508346391263103e+01 5.523532420349170025e+00
8.934481881437093875e+01 5.440317028464969340e+00
8.956113285026442838e+01 5.353495011850128549e+00
8.977396299100743704e+01 5.267136966122668795e+00
8.998340616935523428e+01 5.185102471926587242e+00
9.018970712667895384e+01 5.110885630051809514e+00
9.039324141264637547e+01 5.047504873931557334e+00
9.059449480008125022e+01 4.997432566155903366e+00
9.079404046397029049e+01 4.962553288908387650e+00
9.099251499412193311e+01 4.944144919718651998e+00
9.119059388961613877e+01 4.942870191019447468e+00
9.138896684555398053e+01 4.958774718026724315e+00
9.158831301397775349e+01 4.991286816618305977e+00
9.178927629158246759e+01 5.039219365012119312e+00
9.199244074375305047e+01 5.100776109120666924e+00
9.219830652477348565e+01 5.173569945101309742e+00
9.240726683198593605e+01 5.254659296420120640e+00
9.261958690040853526e+01 5.340614417695574545e+00
9.283538637865036947e+01 5.427621065952978441e+00
9.305462672447596617e+01 5.511628310406175402e+00
9.327710542823430728e+01 5.588540794414503132e+00
9.350245873947109487e+01 5.654448213521106048e+00
9.373017406072695223e+01 5.705876080208288847e+00
9.395961244142193891e+01 5.740032698392787402e+00
9.419004040532499289e+01 5.755024936807169311e+00
9.442066929766940575e+01 5.750011858355980721e+00
9.465069918553685113e+01 5.725275336041407925e+00
9.487936367876530142e+01 5.682196269389912402e+00
9.510597201597923345e+01 5.623140206661383367e+00
9.532994492535931386e+01 5.551269332659336087e+00
9.555084194962441302e+01 5.470307669748970980e+00
9.576837894406642704e+01 5.384288428267814730e+00
9.598243551143431773e+01 5.297311405298910536e+00
9.619305330267053478e+01 5.213330625695162368e+00
9.640042660924564188e+01 5.135983939947820431e+00
9.660488701038262604e+01 5.068467679297854467e+00
9.680688389439879415e+01 5.013452773762491432e+00
9.700696228390260956e+01 4.973034452212081291e+00
9.720573917479258341e+01 4.948706070064003981e+00
9.740387915147596232e+01 4.941347869482152433e+00
9.760206972422389526e+01 4.951223354197513693e+00
9.780099659202075202e+01 4.977978575366604375e+00
9.800131890572978932e+01 5.020643137306662673e+00
9.820364463453859116e+01 5.077634607432591096e+00
9.840850625038964949e+01 5.146771333855805430e+00
9.861633721430453647e+01 5.225301443306451077e+00
9.882745014264183681e+01 5.309957848836736716e+00
9.904201779614935219e+01 5.397047435096972379e+00
9.926005851503106214e+01 5.482583128373711645e+00
9.948142780584053924e+01 5.562460630002775908e+00
9.970581790451811344e+01 5.632676287523507241e+00
9.993276672074671296e+01 5.689572894206335718e+00
1.001616766981634470e+02 5.730090935766648741e+00
1.003918435545762975e+02 5.751998860411338121e+00
1.006224932561121932e+02 5.754071686373134931e+00
1.008528247204641417e+02 5.736193045082032427e+00
1.010820546900047532e+02 5.699364245003918583e+00
1.013094612292786536e+02 5.645621690716369656e+00
1.015344221040011661e+02 5.577871481765025230e+00
1.017564453630627668e+02 5.499667948523583760e+00
1.019751903409175782e+02 5.414963915427039254e+00
1.021904786066077122e+02 5.327861815160715331e+00
1.024022953400692728e+02 5.242388859265438406e+00
1.026107824434930365e+02 5.162311117565394625e+00
1.028162250996220166e+02 5.090992325037866806e+00
1.030190335487622662e+02 5.031296101146047306e+00
1.032197217101952731e+02 4.985524850432065058e+00
1.034188839411102663e+02 4.955386192382331245e+00
1.036171708378036556e+02 4.941977418057591720e+00
1.038152646420367802e+02 4.945779843396847397e+00
1.040138545245549864e+02 4.966657389222758567e+00
1.042136118253851720e+02 5.003856874653759945e+00
1.044151653641569055e+02 5.056011064905829855e+00
1.046190769981401587e+02 5.121147350301963108e+00
1.048258177279636811e+02 5.196710494537925662e+00
1.050357451642847622e+02 5.279606955069389151e+00
1.052490833478252483e+02 5.366281191886445257e+00
1.054659064246073399e+02 5.452831968611751456e+00
1.056861278649733009e+02 5.535173459842954280e+00
1.059094970279292482e+02 5.609239598598281695e+00
1.061356046325402360e+02 5.671221858971781771e+00
1.063638981315936860e+02 5.717821760474057768e+00
1.065937070726895968e+02 5.746491955712827782e+00
1.068242773987838206e+02 5.755636236217791968e+00
1.070548124715601830e+02 5.744740752303473919e+00
1.072845176167407715e+02 5.714417442036539008e+00
1.075126445504100019e+02 5.666352472777127502e+00
1.077385319171513345e+02 5.603167957788310893e+00
1.079616388725186624e+02 5.528217212496739918e+00
1.081815695992542175e+02 5.445341374833108539e+00
1.083980877797415729e+02 5.358617457321231292e+00
1.086111212491307043e+02 5.272122689164200793e+00
1.088207578414796757e+02 5.189733729652558303e+00
1.090272340483932965e+02 5.114969578398804728e+00
1.092309182847110378e+02 5.050879001685823155e+00
1.094322904635380667e+02 4.999967514611707742e+00
