2.617993877991494411e+00 2.617993877991494411e+00
2.669572130210095651e+00 2.524127965603373713e+00
2.719355965761526939e+00 2.439132375338692871e+00
2.767522456830429078e+00 2.362916207128412438e+00
2.814246782693463178e+00 2.295379693466019333e+00
2.859702092519703420e+00 2.236420591012435732e+00
2.904059499721939552e+00 2.185939197794958933e+00
2.947488179454385016e+00 2.143842769441977936e+00
2.990155544396728260e+00 2.110048724995738034e+00
3.032227475307768927e+00 2.084487450886665094e+00
3.073868604351560840e+00 2.067104347412803467e+00
3.115242630725291839e+00 2.057861352334378946e+00
3.156512663438053146e+00 2.056737941095500233e+00
3.197841584664201431e+00 2.063731560646731467e+00
3.239392403722463953e+00 2.078857801441187814e+00
3.281328621706699256e+00 2.102149972037635539e+00
3.323814579303741024e+00 2.133658219526192390e+00
3.367015781643293071e+00 2.173448178087593607e+00
3.411099190861555552e+00 2.221599065270259743e+00
3.456233474866417854e+00 2.278201165595063138e+00
3.502589197715647806e+00 2.343352622833596577e+00
3.550338939131246985e+00 2.417155450421902607e+00
3.599657324743299913e+00 2.499710643725450598e+00
3.650720948135849575e+00 2.591112268657934425e+00
3.703708164817672177e+00 2.691440402049655845e+00
3.758798725611755653e+00 2.800752733782244874e+00
3.816173233098322903e+00 2.919074761512946647e+00
3.876012385340931843e+00 3.046388412190145445e+00
3.938495973753888268e+00 3.182618989884638427e+00
4.003801600179193620e+00 3.327620380156962820e+00
4.072103081201153607e+00 3.481158541243148274e+00
4.143568504511415007e+00 3.642893427503547166e+00
4.218357909496896596e+00 3.812359555059740668e+00
4.296620565649276635e+00 3.988945633631843624e+00
4.378491840818763414e+00 4.171874024408746884e+00
4.464089663101097116e+00 4.360180857226532147e+00
4.553510595190839894e+00 4.552697981574731934e+00
4.646825582400892607e+00 4.748038438682709028e+00
4.744075464497626626e+00 4.944587208409236823e+00
4.845266356710593136e+00 5.140499098964312452e+00
4.950365086572968032e+00 5.333706237887787083e+00
5.059294908680304736e+00 5.521937086551305107e+00
5.171931704157078258e+00 5.702748582657845233e+00
5.288100978008430708e+00 5.873573066241424279e+00
5.407575980441820640e+00 6.031779107012720686e+00
5.530077118267907821e+00 6.174746620450683565e+00
5.655273044667203486e+00 6.299952424964321729e+00
5.782783529945903389e+00 6.405062754310333339e+00
5.912184194274634486e+00 6.488027291498565496e+00
6.043013116303913357e+00 6.547167974237381394e+00
6.174779088442265085e+00 6.581256026288945016e+00
6.306971264592771576e+00 6.589570776035804656e+00
6.439069753131780871e+00 6.571935061431173786e+00
6.570556657244720711e+00 6.528724019693414427e+00
6.700927016986188534e+00 6.460846336700626580e+00
6.829699104568843993e+00 6.369700469483402294e+00
6.956423638739628323e+00 6.257107918241850975e+00
7.080691452320891699e+00 6.125231697923317675e+00
7.202139454750215108e+00 5.976484559355053960e+00
7.320454684902192533e+00 5.813434980850451517e+00
7.435376524663777076e+00 5.638716474958340719e+00
7.546697157303597692e+00 5.454945459392013696e+00
7.654260501188927535e+00 5.264651140515557159e+00
7.757959871704370514e+00 5.070219458631223475e+00
7.857734666960029202e+00 4.873851677838035634e+00
7.953566364050049131e+00 4.677536994495113731e+00
8.045474103441772940e+00 4.483038295812356466e+00
8.133510083180274464e+00 4.291887758511968798e+00
8.217754969359202022e+00 4.105392291561771323e+00
8.298313485630464115e+00 3.924644640342264790e+00
8.375310265007630761e+00 3.750539495453260930e+00
8.448886063698859417e+00 3.583792297533273885e+00
8.519194364636675232e+00 3.424959504433497504e+00
8.586398394358747410e+00 3.274459175414222489e+00
8.650668548548592796e+00 3.132591045380503925e+00
8.712180210336715191e+00 2.999555517338207800e+00
8.771111935088667266e+00 2.875471200799688543e+00
8.827643973160817836e+00 2.760390816828936611e+00
8.881957090937289578e+00 2.654315343843233421e+00
8.934231660685560072e+00 2.557206470152518563e+00
8.984646983448987712e+00 2.468997403049795647e+00
9.033380813011897104e+00 2.389602146614597800e+00
9.080609051867567061e+00 2.318923389745543684e+00
9.126505592730698169e+00 2.256859144544040685e+00
9.171242282231387932e+00 2.203308272092248554e+00
9.214988983816267520e+00 2.158175042161932122e+00
9.257913726434299662e+00 2.121372820466297604e+00
9.300182916586773985e+00 2.092827022043770580e+00
9.341961604869583269e+00 2.072477393973379822e+00
9.383413792017966770e+00 2.060279704934842471e+00
9.424702759080689773e+00 2.056206997212305598e+00
9.465991430051211353e+00 2.060250138364382533e+00
9.507442724936799650e+00 2.072418160237542217e+00
9.549219925330783454e+00 2.092738000312384994e+00
9.591487027858702774e+00 2.121253818025305105e+00
9.634409078859350828e+00 2.158025810630408436e+00
9.678152479625371285e+00 2.203128518141109549e+00
9.722885252884449159e+00 2.256648536701967078e+00
9.768777255578818597e+00 2.318681570973424311e+00
9.816000326494368267e+00 2.389328744736115784e+00
9.864728350471862584e+00 2.468692048607794121e+00
9.915137221235124088e+00 2.556868808933243198e+00
9.967404690027347414e+00 2.653945113017122548e+00
1.002171005107235580e+01 2.759987816124462423e+00
1.007823367268014358e+01 2.875035343936481524e+00
1.013715632215713747e+01 2.999086891076601979e+00
1.019865825312766816e+01 3.132089955301090800e+00
1.026291803010110826e+01 3.273926190697570959e+00
1.033011104984981543e+01 3.424395525858250799e+00
1.040040772057900753e+01 3.583198652340446433e+00
1.047397132210142345e+01 3.749917920402123794e+00
1.055095536736878614e+01 3.923997446824945445e+00
1.063150065843571923e+01 4.104722456238699912e+00
1.071573190604023473e+01 4.291198792994834754e+00
1.080375390156876669e+01 4.482334601972131516e+00
1.089564741644051082e+01 4.676823780597806568e+00
1.099146475785531507e+01 4.873134851638956988e+00
1.109122519345035229e+01 5.069505951482168982e+00
1.119491034718405054e+01 5.263948599745392976e+00
1.130245977789097722e+01 5.454262259237815158e+00
1.141376697533157625e+01 5.638061592045429116e+00
1.152867604203295571e+01 5.812817813664780786e+00
1.164697935237607318e+01 5.975914699114273532e+00
1.176841647857209061e+01 6.124718644145334956e+00
1.189267464815394604e+01 6.256660777097237336e+00
1.201939094179956413e+01 6.369327591743763506e+00
1.214815635527872040e+01 6.460555235316254752e+00
1.227852174128672758e+01 6.528520461580407996e+00
1.241000547742912552e+01 6.571823447518507777e+00
1.254210267108115673e+01 6.589553432931742449e+00
1.267429545081110298e+01 6.581333301526200330e+00
1.280606391193463622e+01 6.547338213173843791e+00
1.293689714934002843e+01 6.488286923580762533e+00
1.306630387400293181e+01 6.405406450804432161e+00
1.319382203900236838e+01 6.300373355813941423e+00
1.331902712271602773e+01 6.175236700834189740e+00
1.344153871326718352e+01 6.032329423924839062e+00
1.356102528484840875e+01 5.874174183073379574e+00
1.367720705400750525e+01 5.703390916646794651e+00
1.378985706630857244e+01 5.522611045614945979e+00
1.389880064912970070e+01 5.334402713990625600e+00
1.400391350687985970e+01 5.141209481328251840e+00
1.410511872366290476e+01 4.945303592984967800e+00
1.420238297931883054e+01 4.748753681450796016e+00
1.429571225398677115e+01 4.553405753663311017e+00
1.438514726622873141e+01 4.360875702138613974e+00
1.447075886170572367e+01 4.172551286816285732e+00
1.455264351781313970e+01 3.989601418957201773e+00
1.463091909137523849e+01 3.812990689237711450e+00
1.470572089162964069e+01 3.643497408930554293e+00
1.477719814205276450e+01 3.481733476359278434e+00
1.484551085749202848e+01 3.328164736590896400e+00
1.491082708976141546e+01 3.183131773570097245e+00
1.497332064652237449e+01 3.046868904273317469e+00
1.503316911276342971e+01 2.919522577302507305e+00
1.509055227683111688e+01 2.801167713505961387e+00
1.514565083490239950e+01 2.691822564537989404e+00
1.519864539253920377e+01 2.591461765175277154e+00
1.524971570509209506e+01 2.500027720890672711e+00
1.529904013235966431e+01 2.417440435655194619e+00
1.534679527457459614e+01 2.343605874725188887e+00
1.539315576486449189e+01 2.278423053238289420e+00
1.543829419042175388e+01 2.221789952577428728e+00
1.548238112274648159e+01 2.173608413976225062e+00
1.552558523615928721e+01 2.133788116053531247e+00
1.556807349872931745e+01 2.102249800826449189e+00
1.561001142049474488e+01 2.078927775060433802e+00
1.565156334583165965e+01 2.063771832315598243e+00
1.569289277898549173e+01 2.056748610560499735e+00
1.573416273116097308e+01 2.057842454690760103e+00
1.577553608075808000e+01 2.067055810971924146e+00
1.581717593687042012e+01 2.084409165839345324e+00
1.585924599668267909e+01 2.109940527253739706e+00
1.590191088801381092e+01 2.143704431254547238e+00
1.594533648668854120e+01 2.185770437792290188e+00
1.598969019839202055e+01 2.236221064759162047e+00
1.603514119274121796e+01 2.295149092704860561e+00
1.608186057628946841e+01 2.362654155281493029e+00
1.613002148875022357e+01 2.438838512507079948e+00
1.617979910604358551e+01 2.523801898546036870e+00
1.623137053027403809e+01 2.617635314874362962e+00
1.628491454089103030e+01 2.720413606892696290e+00
1.634061118377058364e+01 2.832186706777073848e+00
1.639864117242845154e+01 2.952969408761532577e+00
1.645918506874042819e+01 3.082729540920712274e+00
1.652242220543800144e+01 3.221374432123689235e+00
1.658852932258480450e+01 3.368735656449667104e+00
1.665767887985324336e+01 3.524552065802548206e+00
1.673003701263493781e+01 3.688451313356301053e+00
1.680576110522215316e+01 3.859930128941696292e+00
1.688499695745862184e+01 4.038333806104168033e+00
1.696787553964192696e+01 4.222835727750474888e+00
1.705450934741595859e+01 4.412417894611569302e+00
1.714498837926688068e+01 4.605853637262789846e+00
1.723937580666475355e+01 4.801694317385010180e+00
1.733770344185563772e+01 4.998261883891252921e+00
1.743996711339328343e+01 5.193649114466482253e+00
1.754612215048626922e+01 5.385730061141548397e+00
1.765607921336249220e+01 5.572182545085483163e+00
1.776970067903983619e+01 5.750524148775625122e+00
1.788679790553146631e+01 5.918163209974990124e+00
1.800712970172668648e+01 6.072463377199005308e+00
1.813040215230690322e+01 6.210822183505742444e+00
1.825627019078299540e+01 6.330758852444184903e+00
1.838434097563677838e+01 6.430007806481461863e+00
1.851417913761095591e+01 6.506611994071359817e+00
1.864531386935632540e+01 6.559009123054843293e+00
1.877724759190951431e+01 6.586104320171022763e+00
1.890946590758064971e+01 6.587322969069630219e+00
1.904144836847264699e+01 6.562639049178308426e+00
1.917267953902662470e+01 6.512576509831697003e+00
1.930265982301462913e+01 6.438183322975675971e+00
1.943091550606524720e+01 6.340980774134070685e+00
1.955700756997160283e+01 6.222892440650380053e+00
1.968053893031212453e+01 6.086158808325129677e+00
1.980115986559648533e+01 5.933244508959760743e+00
1.991857157450172267e+01 5.766744520356535730e+00
2.003252788852400101e+01 5.589295377494401862e+00
2.014283529159975217e+01 5.403496058679052361e+00
2.024935147714757733e+01 5.211841571745408075e+00
2.035198271572234674e+01 5.016670799128842617e+00
2.045068031677314835e+01 4.820129475616875325e+00
2.054543650643025643e+01 4.624145772676015120e+00
2.063627991302461950e+01 4.430419389778727179e+00
2.072327095966041810e+01 4.240420352166912821e+00
2.080649732623650650e+01 4.055395524247925820e+00
2.088606956118564284e+01 3.876381892806071594e+00
2.096211707170855476e+01 3.704223194037056466e+00
2.103478440630975044e+01 3.539589388225615529e+00
2.110422798985680615e+01 3.382997087939906056e+00
2.117061324646757114e+01 3.234830067452645785e+00
2.123411213468412129e+01 3.095359091907911253e+00
2.129490106974396824e+01 2.964760545141802872e+00
2.135315920398480927e+01 2.843133530015534927e+00
2.140906703334516337e+01 2.730515293402108412e+00
2.146280529634972467e+01 2.626894914775828038e+00
2.151455413079320778e+01 2.532225295281290034e+00
2.156449245451206309e+01 2.446433535107689128e+00
2.161279753899440337e+01 2.369429819438079843e+00
2.165964474753073432e+01 2.301114951701479949e+00
2.170520740986497188e+01 2.241386689517736563e+00
2.174965682677276391e+01 2.190144923977728197e+00
2.179316234168337374e+01 2.147296084270515770e+00
2.183589151643700887e+01 2.112756559247839672e+00
2.187801035597654220e+01 2.086455496280735566e+00
2.191968359240182807e+01 2.068336875382209783e+00
2.196107499616614689e+01 2.058361090170707453e+00
2.200234771760209185e+01 2.056505972865111609e+00
2.204366464068356990e+01 2.062767377748643050e+00
2.208518874900876128e+01 2.077159274013577583e+00
2.212708348554285820e+01 2.099713386210690480e+00
2.216951310149966758e+01 2.130478395802899438e+00
2.221264298448867436e+01 2.169518606274499994e+00
2.225663995323800393e+01 2.216912071185741517e+00
2.230167251355070590e+01 2.272748252643039812e+00
2.234791105173370340e+01 2.337124743624910295e+00
2.239552796483913610e+01 2.410143343854301623e+00
2.244469769418280691e+01 2.491905386980439285e+00
2.249559666076130782e+01 2.582505839266959313e+00
2.254840307650652420e+01 2.682026362869544212e+00
2.260329658260258157e+01 2.790527030320892887e+00
2.266045773204758262e+01 2.908036689718517476e+00
2.272006725706648567e+01 3.034541736301662240e+00
2.278230507412848382e+01 3.169973134128590164e+00
2.284734904319111237e+01 3.314191871059120054e+00
2.291537340135261047e+01 3.466972560691262473e+00
2.298654683701695589e+01 3.627985493538451234e+00
2.306103022355764054e+01 3.796777341804818295e+00
2.313897392870725866e+01 3.972750707160495498e+00
2.322051470560260000e+01 4.155143858321348915e+00
2.330577221071531113e+01 4.343010463297047430e+00
2.339484510253081950e+01 4.535201471354271874e+00
2.348780681946528759e+01 4.730350159159050882e+00
2.358470110410477005e+01 4.926862213608822039e+00
2.368553738865672642e+01 5.122913098761224582e+00
2.379028623027067013e+01 5.316454441745357862e+00
2.389887497444014386e+01 5.505231931580991223e+00
2.401118391126089691e+01 5.686816323593650857e+00
2.412704319885396842e+01 5.858648782045149161e+00
2.424623082670790097e+01 6.018100801870034822e+00
2.436847195097299590e+01 6.162547885902710298e+00
2.449343980269213006e+01 6.289454362681141220e+00
2.462075838853529319e+01 6.396465531840934027e+00
2.475000707002883260e+01 6.481501822985612726e+00
2.488072699822940592e+01 6.542848071739806315e+00
2.501242922174235872e+01 6.579232306958242127e+00
2.514460423622723084e+01 6.589886247098893257e+00
2.527673251524361220e+01 6.574582949236260632e+00
2.540829552879593578e+01 6.533648171582711051e+00
2.553878671371744957e+01 6.467944038469075174e+00
2.566772185832357067e+01 6.378827095693660354e+00
2.579464841137640718e+01 6.268083990920581883e+00
2.591915332801448812e+01 6.137850597768814254e+00
2.604086916176946787e+01 5.990520961047098858e+00
2.615947831500561804e+01 5.828653324892678178e+00
2.627471540673232298e+01 5.654878868305571515e+00
2.638636788260350485e+01 5.471818619116294968e+00
2.649427507681458493e+01 5.282012174493134538e+00
2.659832597250262864e+01 5.087860281777989435e+00
2.669845596829673440e+01 4.891582183641707715e+00
