3.141592653589793116e+00 3.141592653589793116e+00
3.204676167097249895e+00 3.147791424600131283e+00
3.268008401046888167e+00 3.166387370705644244e+00
3.331838170301200552e+00 3.197378646836854355e+00
3.396414159897852336e+00 3.240759238769258754e+00
3.461984858181230695e+00 3.296514518432450913e+00
3.528798320079515882e+00 3.364614792479855065e+00
3.597101785074039437e+00 3.445006941784664711e+00
3.667141113481322101e+00 3.537604090448097427e+00
3.739159962063385745e+00 3.642272441797512084e+00
3.813398720085405813e+00 3.758816774382025550e+00
3.890093107561482189e+00 3.886962997218966098e+00
3.969472371694010793e+00 4.026338213666144306e+00
4.051757117409064968e+00 4.176449395969896727e+00
4.137156655195034283e+00 4.336659797805292982e+00
4.225865861338936824e+00 4.506164423518804085e+00
4.318061581262625737e+00 4.683965301025566852e+00
4.413898489513753631e+00 4.868847738042816786e+00
4.513504537124545024e+00 5.059359248100338213e+00
4.616975989173514705e+00 5.253793460027408102e+00
4.724372245660130254e+00 5.450180861198981042e+00
4.835710539290446697e+00 5.646289645099719756e+00
4.950960785521655971e+00 5.839639004166519598e+00
5.070040841858161507e+00 6.027527732525198800e+00
5.192812522750063664e+00 6.207080049425955259e+00
5.319078700033665008e+00 6.375309391286128502e+00
5.448581867507656717e+00 6.529200006389315192e+00
5.581004512688577890e+00 6.665804101161129758e+00
5.715971543358634221e+00 6.782350079142994481e+00
5.853054987572535062e+00 6.876355951774799635e+00
5.991780883274526737e+00 6.945739486647596550e+00
6.131638341459971997e+00 6.988917319484860613e+00
6.272090387580638193e+00 7.004883981760244183e+00
6.412586129220374076e+00 6.993263749656944306e+00
6.552573650723493515e+00 6.954330349262408895e+00
6.691512941396879022e+00 6.888992416532335739e+00
6.828888232628490762e+00 6.798746696883769758e+00
6.964219085046721602e+00 6.685602826592588421e+00
7.097069738656072602e+00 6.551986935550296209e+00
7.227056389996670660e+00 6.400632442943459566e+00
7.353852224254524117e+00 6.234466701939780364e+00
7.477190193723600053e+00 6.056501481340227144e+00
7.596863668261366165e+00 5.869733934557316068e+00
7.712725344514645975e+00 5.677061949112903960e+00
7.824684454454961191e+00 5.481217870342750764e+00
7.932703009927531745e+00 5.284719536826557373e+00
8.036791104225137872e+00 5.089839342834474145e+00
8.137001832672172696e+00 4.898588534914497750e+00
8.233425996760354693e+00 4.712714670653688209e+00
8.326186878073364994e+00 4.533709340038042157e+00
8.415435242319555087e+00 4.362823478991512793e+00
8.501344703912169010e+00 4.201087805506318773e+00
8.584107583998058288e+00 4.049336015272929856e+00
8.663931106115999370e+00 3.908229886835866473e+00
8.741034287378273149e+00 3.778283541199321860e+00
8.815645181431420951e+00 3.659887219517208301e+00
8.887998598482665713e+00 3.553329359592086067e+00
8.958334297839112281e+00 3.458816436458676424e+00
9.026895504318057206e+00 3.376490749966139404e+00
9.093927785409796627e+00 3.306445768336560231e+00
9.159678205553873909e+00 3.248739197937535739e+00
9.224394721376006245e+00 3.203403816940046944e+00
9.288325771027883704e+00 3.170456190854236134e+00
9.351720020146689905e+00 3.149903351233110715e+00
9.414826221271024309e+00 3.141747569176202237e+00
9.477893150733875061e+00 3.145989304391696439e+00
9.541169587268472085e+00 3.162628351868169929e+00
9.604904295202405962e+00 3.191663240914368593e+00
9.669345978209271664e+00 3.233088870782104607e+00
9.734743167953803678e+00 3.286892319939136442e+00
9.801344008959558707e+00 3.353046767736760359e+00
9.869395902541565846e+00 3.431503446435485660e+00
9.939144968364466592e+00 3.522181486135917083e+00
1.001083527927667838e+01 3.624955558089455465e+00
1.008470782594915072e+01 3.739641247803695556e+00
1.016099916872202868e+01 3.865978053799848269e+00
1.023993971517170110e+01 4.003610183989929183e+00
1.032175160084663545e+01 4.152065049778178363e+00
1.040664611338631040e+01 4.310730223988335830e+00
1.049482063972743795e+01 4.478828812899405598e+00
1.058645512722068105e+01 4.655394980506627256e+00
1.068170803976321359e+01 4.839249721108921598e+00
1.078071186077946564e+01 5.028979364403946661e+00
1.088356820287404858e+01 5.222918408467912776e+00
1.099034263655748411e+01 5.419139118938245403e+00
1.110105940393948387e+01 5.615450587050052178e+00
1.121569621335927458e+01 5.809409760423781321e+00
1.133417942872990025e+01 5.998347686616824603e+00
1.145637993825100054e+01 6.179412383521407648e+00
1.158211005377161484e+01 6.349629764621203876e+00
1.171112182662077394e+01 6.505982607474528834e+00
1.184310711063140964e+01 6.645505434438211623e+00
1.197769965844133644e+01 6.765391390638559876e+00
1.211447943255887694e+01 6.863105192609737948e+00
1.225297917568029682e+01 6.936494484338453503e+00
1.239269315797983673e+01 6.983891396885526071e+00
1.253308775675654019e+01 7.004195290283968589e+00
1.267361341908509331e+01 6.996928000817486115e+00
1.281371750693797296e+01 6.962261738347021556e+00
1.295285730851102102e+01 6.901006509428490254e+00
1.309051243441420276e+01 6.814571185640367013e+00
1.322619621634077980e+01 6.704889989940336470e+00
1.335946528626553764e+01 6.574330543857884734e+00
1.348992725605213039e+01 6.425585212771758314e+00
1.361724606673298688e+01 6.261558235134656591e+00
1.374114513847115759e+01 6.085254993786767486e+00
1.386140835677392147e+01 5.899680870270588962e+00
1.397787917537341151e+01 5.707754428387569412e+00
1.409045814644474426e+01 5.512237774747926977e+00
1.419909923445362843e+01 5.315685131718471013e+00
1.430380527672947011e+01 5.120409041666471595e+00
1.440462292962080681e+01 4.928462448548134311e+00
1.450163739380954375e+01 4.741634253956450884e+00
1.459496716353734058e+01 4.561455600052010340e+00
1.468475898611291974e+01 4.389214150209975074e+00
1.477118316712899926e+01 4.225973845949805963e+00
1.485442930847794685e+01 4.072597963784350128e+00
1.493470252691462896e+01 3.929773694248854810e+00
1.501222016882676336e+01 3.798036871910592360e+00
1.508720901835567041e+01 3.677795775452795457e+00
1.515990295575225133e+01 3.569353535693617907e+00
1.523054106321111867e+01 3.472928341140636199e+00
1.529936610201622571e+01 3.388671537337341721e+00
1.536662333245174494e+01 3.316683374415718699e+00
1.543255962949809756e+01 3.257026424091454597e+00
1.549742284036202555e+01 3.209736767926027579e+00
1.556146134777764445e+01 3.174833032898949359e+00
1.562492379330179659e+01 3.152323390294569094e+00
1.568805892157751281e+01 3.142210624103898731e+00
1.575111550712898634e+01 3.144495330634542896e+00
1.581434232817949237e+01 3.159177374972570451e+00
1.587798815304295452e+01 3.186255715860799143e+00
1.594230170049678819e+01 3.225726028530267797e+00
1.600753154355878038e+01 3.277576903623833804e+00
1.607392590512241526e+01 3.341784192270432996e+00
1.614173233364026672e+01 3.418303320848430804e+00
1.621119719650459601e+01 3.507059181098828304e+00
1.628256495102334966e+01 3.607934379437819583e+00
1.635607715640518833e+01 3.720754889487453809e+00
1.643197117462268153e+01 3.845273449257006870e+00
1.651047851483001594e+01 3.981150652416081126e+00
1.659182277629442481e+01 4.127933875371116557e+00
1.667621714907722108e+01 4.285034343068540252e+00
1.676386143950926311e+01 4.451702857248095668e+00
1.685493860408257305e+01 4.627004994450087061e+00
1.694961078550280220e+01 4.809796906564128172e+00
1.704801488209113103e+01 4.998703284452632900e+00
1.715025772276392857e+01 5.192099256203940527e+00
1.725641091897806945e+01 5.388098819031688969e+00
1.736650558375375297e+01 5.584552114113343180e+00
1.748052710761104933e+01 5.779054697258485085e+00
1.759841025932190561e+01 5.968970872208006817e+00
1.772003492014095016e+01 6.151473940837197674e+00
1.784522280554330464e+01 6.323604318961586479e+00
1.797373550122130581e+01 6.482345327743264995e+00
1.810527429640590213e+01 6.624716953599368630e+00
1.823948188480104093e+01 6.747879570478434452e+00
1.837594634061611032e+01 6.849247593994640226e+00
1.851420733794456908e+01 6.926601115755508964e+00
1.865376455368663855e+01 6.978189652650751640e+00
1.879408798404283587e+01 7.002818253352485200e+00
1.893462975834551898e+01 6.999908674401901898e+00
1.907483688107773645e+01 6.969529616981611220e+00
1.921416420412595727e+01 6.912392700636403653e+00
1.935208703898804217e+01 6.829816053124742936e+00
1.948811269201770102e+01 6.723656899238481977e+00
1.962179040833899890e+01 6.596221252101253540e+00
1.975271932930537844e+01 6.450157730621313590e+00
1.988055424209870736e+01 6.288344627608278614e+00
2.000500905793426654e+01 6.113778398317029072e+00
2.012585813212767505e+01 5.929470616563556895e+00
2.024293564384419497e+01 5.738358636397927981e+00
2.035613335064705964e+01 5.543233124886529417e+00
2.046539706894670374e+01 5.346683759885140219e+00
2.057072224259883697e+01 5.151062981431779875e+00
2.067214896732413365e+01 4.958465240417314845e+00
2.076975671177521932e+01 4.770720839488442166e+00
2.086365905240052143e+01 4.589400877470775519e+00
2.095399859912532392e+01 4.415830329217310890e+00
2.104094223638587380e+01 4.251106870668244220e+00
2.112467677813129185e+01 4.096123942896367609e+00
2.120540513009941819e+01 3.951594824667433503e+00
2.128334290099016357e+01 3.818077633701350670e+00
2.135871555290187729e+01 3.695999288581942821e+00
2.143175598377893820e+01 3.585678089774700261e+00
2.150270256517760004e+01 3.487344375537364538e+00
2.157179756455116149e+01 3.401158931402942454e+00
2.163928591379060151e+01 3.327229123151095092e+00
2.170541428084077751e+01 3.265622671338570093e+00
2.177043039305175753e+01 3.216379186933647993e+00
2.183458257083392340e+01 3.179519536820166081e+00
2.189811942784033860e+01 3.155053158318960715e+00
2.196128969905074513e+01 3.142983423823095368e+00
2.202434215709132914e+01 3.143311154754845571e+00
2.208752558126124654e+01 3.156036336447283208e+00
2.215108874330916322e+01 3.181158071093912465e+00
2.221528037442250181e+01 3.218672767861338269e+00
2.228034907805822584e+01 3.268570537314494207e+00
2.234654315109252209e+01 3.330829724570830486e+00
2.241411027921516208e+01 3.405409483729617381e+00
2.248329705733409867e+01 3.492240315397221018e+00
2.255434830319873640e+01 3.591212389611360134e+00
2.262750611226837094e+01 3.702161679433224162e+00
2.270300860885570771e+01 3.824853663829314687e+00
2.278108835293867429e+01 3.958964811885592905e+00
2.286197034463326005e+01 4.104061883737163186e+00
2.294586960447594848e+01 4.259579227937603463e+00
2.303298826736821070e+01 4.424794470808772751e+00
2.312351220060880053e+01 4.598804157767237832e+00
2.321760711528332166e+01 4.780499032690004313e+00
2.331541420854115287e+01 4.968541618681818761e+00
2.341704538715387329e+01 5.161347412809374369e+00
2.352257816997785511e+01 5.357072076668469407e+00
2.363205041557641195e+01 5.553607191521410691e+00
2.374545507362642027e+01 5.748587324881357041e+00
2.386273520050255570e+01 5.939410960591301247e+00
2.398377958355751005e+01 6.123278137815230338e+00
2.410841928916167021e+01 6.297245708550626375e+00
2.423642547467095909e+01 6.458300494896618282e+00
2.436750887374498120e+01 6.603449602510667482e+00
2.450132122259284984e+01 6.729824039693812487e+00
2.463745886152263864e+01 6.834790509866373043e+00
2.477546860159145581e+01 6.916064226746938992e+00
2.491485579454715804e+01 6.971814341165984530e+00
2.505509437146069018e+01 7.000753437639248844e+00
2.519563845372071142e+01 7.002203062310007553e+00
2.533593498264954391e+01 6.976129049413206218e+00
2.547543672194221998e+01 6.923143169079842174e+00
2.561361494834109820e+01 6.844471610464395894e+00
2.574997121052124882e+01 6.741892022420426400e+00
2.588404754930437690e+01 6.617646347006297169e+00
2.601543479208176635e+01 6.474336539850242822e+00
2.614377865350180485e+01 6.314812158556016186e+00
2.626878357113081464e+01 6.142058145952757009e+00
2.639021435366952062e+01 5.959090025719335770e+00
2.650789584840470070e+01 5.768862135778186406e+00
2.662171092887079027e+01 5.574192386425328216e+00
2.673159715365050104e+01 5.377705089897943935e+00
2.683754250184587775e+01 5.181791552829508873e+00
2.693958028493640100e+01 4.988588040110271571e+00
2.703778411927023129e+01 4.799966558580294418e+00
2.713226256516918511e+01 4.617538328469994013e+00
2.722315397564958417e+01 4.442665961612549452e+00
2.731062170083644958e+01 4.276481657858066221e+00
2.739484968248665098e+01 4.119909424459051728e+00
2.747603851698377042e+01 3.973689374217072245e+00
2.755440201543545697e+01 3.838402489245447136e+00
2.763016425451391100e+01 3.714494825044454718e+00
2.770355710015982353e+01 3.602300412829574583e+00
2.777481817446703971e+01 3.502062191607397956e+00
2.784418921933191626e+01 3.413950798551277366e+00
2.791191481534018948e+01 3.338081053326086955e+00
2.797824140728416609e+01 3.274526121691761826e+00
2.804341659098843564e+01 3.223329364050421031e+00
2.810768861610447189e+01 3.184514073430401826e+00
2.817130606272996118e+01 3.158091079362958187e+00
2.823451765822246173e+01 3.144064426346213192e+00
2.829757217032931749e+01 3.142435186136090852e+00
2.836071837744228574e+01 3.153203433324785809e+00
2.842420505534130371e+01 3.176368479484936280e+00
2.848828094578570713e+01 3.211927355768445125e+00
2.855319468008453043e+01 3.259871481083551625e+00
2.861919462410117632e+01 3.320181504379608572e+00
2.868652858333697964e+01 3.392820181923260403e+00
2.875544336440084692e+01 3.477723245637788896e+00
2.882618412102711147e+01 3.574788106656777931e+00
2.889899345179272672e+01 3.683860297492980163e+00
2.897411018725809839e+01 3.804717503363644671e+00
2.905176792395454299e+01 3.937051845190292720e+00
2.913219298847492311e+01 4.080448691258230731e+00
2.921560214945386136e+01 4.234364790004632617e+00
2.930219979624310156e+01 4.398104313727604797e+00
2.939217460898056089e+01 4.570793971006296808e+00
2.948569575839324486e+01 4.751358554315604721e+00
2.958290862019222445e+01 4.938497984430863852e+00
2.968393005674692375e+01 5.130667777775754779e+00
2.978884336344821548e+01 5.326065144697508025e+00
2.989769301102448296e+01 5.522623195806677820e+00
3.001047937635516405e+01 5.718016031848297764e+00
3.012715370548119864e+01 5.909677421591417179e+00
3.024761360546122546e+01 6.094835472535566900e+00
3.037169943868828526e+01 6.270565233227899604e+00
3.049919189842013623e+01 6.433858963872630454e+00
3.062981121800526552e+01 6.581714035761597970e+00
3.076321826596893771e+01 6.711234587600126034e+00
3.089901779484672772e+01 6.819742548634138757e+00
3.103676395189705062e+01 6.904890783578490066e+00
3.117596801068312118e+01 6.964770323485411474e+00
3.131610812503509322e+01 6.998002926937097357e+00
3.145664072278069767e+01 7.003810826845260351e+00
3.159701301422639830e+01 6.982057148496314092e+00
3.173667598247386579e+01 6.933253059332154855e+00
3.187509717211302629e+01 6.858531139881661964e+00
3.201177262955927461e+01 6.759587229706909284e+00
3.214623739936738644e+01 6.638596563260216854e+00
3.227807414273988229e+01 6.498111673258221366e+00
3.240691959895094243e+01 6.340950543749772628e+00
3.253246876999092052e+01 6.170083991761479147e+00
3.265447690851819118e+01 5.988529240613408966e+00
3.277275948002739625e+01 5.799255729794440484e+00
