1.570796326794896558e+00 1.570796326794896558e+00
1.600344343544237491e+00 1.374170362269685697e+00
1.625948027193685475e+00 1.177699297412055257e+00
1.647611558960374811e+00 9.814798549506414949e-01
1.665340492104269599e+00 7.855538316890681161e-01
1.679140748180596887e+00 5.899174104179671918e-01
1.689017784374882591e+00 3.945304506684457202e-01
1.694975970089412254e+00 1.993256167319120420e-01
1.697018124623082880e+00 4.217453953488922713e-03
1.695145247173388325e+00 -1.908886298949112603e-01
1.689356426484704521e+00 -3.860874152252415370e-01
1.679648914273691673e+00 -5.814649385814536497e-01
1.666018401696770734e+00 -7.770895097565416743e-01
1.648459461229031309e+00 -9.730026497540709141e-01
1.626966174817994437e+00 -1.169209929019774608e+00
1.601532954333710235e+00 -1.365671698701364178e+00
1.572155541365633402e+00 -1.562293774022206039e+00
1.538832190964023683e+00 -1.758918154272527845e+00
1.501565044146734973e+00 -1.955313907530466633e+00
1.460361677437571393e+00 -2.151168407822349415e+00
1.415236829347214398e+00 -2.346079215169428522e+00
1.366214285910585469e+00 -2.539547052482781897e+00
1.313328867023301871e+00 -2.730970013515920058e+00
1.256628533045957452e+00 -2.919639760611174584e+00
1.196176541419847972e+00 -3.104740142453181306e+00
1.132053598903554725e+00 -3.285348748330341628e+00
1.064359948041055048e+00 -3.460442153941127863e+00
9.932173081515605073e-01 -3.628905036166596876e+00
9.187705913370476374e-01 -3.789543859864268782e+00
8.411892959516534818e-01 -3.941105176513479247e+00
7.606684836905659441e-01 -4.082298636215046628e+00
6.774292643337177511e-01 -4.211824234225615804e+00
5.917186689298781221e-01 -4.328403537548018321e+00
5.038088726837924858e-01 -4.430813464782045408e+00
4.139957625821033549e-01 -4.517921217300053804e+00
3.225967493441093681e-01 -4.588719469437846143e+00
2.299479235776853425e-01 -4.642359212560693393e+00
1.364005759953975105e-01 -4.678178845549619602e+00
4.231719205042176052e-02 -4.695727650637616435e+00
-5.193295514231188736e-02 -4.694782167276027707e+00
-1.459784768338569516e-01 -4.675354570740969606e+00
-2.394505814589586168e-01 -4.637691940022730108e+00
-3.319877283470378249e-01 -4.582267389215680886e+00
-4.232400022678909912e-01 -4.509762829494627034e+00
-5.128730702926133089e-01 -4.421044841967150418e+00
-6.005715982254942187e-01 -4.317135125459437006e+00
-6.860420344582837116e-01 -4.199177260475701168e+00
-7.690147056056995112e-01 -4.068401665154899760e+00
-8.492452083095115567e-01 -3.926090486329542717e+00
-9.265151012645744810e-01 -3.773544049967984648e+00
-1.000631959052805220e+00 -3.612050119943303716e+00
-1.071428843910664730e+00 -3.442857030167421062e+00
-1.138763280612548723e+00 -3.267151107896255180e+00
-1.202515825239736547e+00 -3.086038828369179310e+00
-1.262588321711305639e+00 -2.900533684612109919e+00
-1.318901942132739258e+00 -2.711547399625263921e+00
-1.371395089708294490e+00 -2.519885121765605973e+00
-1.420021241967385883e+00 -2.326244218185063328e+00
-1.464746801548390653e+00 -2.131215922829273968e+00
-1.505549001998758740e+00 -1.935289354833339193e+00
-1.542413914480951220e+00 -1.738857412344979148e+00
-1.575334589285698250e+00 -1.542223999889673181e+00
-1.604309350542595380e+00 -1.345612199864301362e+00
-1.629340259971261862e+00 -1.149173084537063572e+00
-1.650431764988593786e+00 -9.529948481623549128e-01
-1.667589529973387164e+00 -7.571120959750345936e-01
-1.680819453688065623e+00 -5.615151678599534790e-01
-1.690126874182430017e+00 -3.661593940881305853e-01
-1.695515958679299606e+00 -1.709742398081313119e-01
-1.696989275242041906e+00 2.412763823275550223e-02
-1.694547545626428509e+00 2.192414082441733747e-01
-1.688189578101961352e+00 4.144611365991830443e-01
-1.677912379054213643e+00 6.098708456084752649e-01
-1.663711444690681995e+00 8.055355185072330393e-01
-1.645581234149112948e+00 1.001492024235748790e+00
-1.623515825388430533e+00 1.197739937722978487e+00
-1.597509756574681195e+00 1.394232267923058544e+00
-1.567559054007499064e+00 1.590866128849434791e+00
-1.533662446400666735e+00 1.787473484053251349e+00
-1.495822765934702314e+00 1.983812039200446131e+00
-1.454048522491947937e+00 2.179556632701185048e+00
-1.408355652312843320e+00 2.374291171123283029e+00
-1.358769411557801732e+00 2.567501764108389040e+00
-1.305326395459180500e+00 2.758571236702607621e+00
-1.248076657069934203e+00 2.946775578053651312e+00
-1.187085852578693590e+00 3.131283054507724373e+00
-1.122437402194909950e+00 3.311156169429405605e+00
-1.054234552522993029e+00 3.485357466402382087e+00
-9.826022905691570442e-01 3.652759280855749413e+00
-9.076890288734412726e-01 3.812158137398840907e+00
-8.296679269474940277e-01 3.962293668492067766e+00
-7.487378217017887083e-01 4.101872427783991526e+00
-6.651235946613253125e-01 4.229595477262741987e+00
-5.790759976667542164e-01 4.344190310995939441e+00
-4.908707672816632894e-01 4.444444700530695513e+00
-4.008070612570924229e-01 4.529241960783724430e+00
-3.092052004981050706e-01 4.597595818807087120e+00
-2.164037114307670873e-01 4.648682786139524126e+00
-1.227557718206052639e-01 4.681870600135912497e+00
-2.862513430870461395e-02 4.696740744096636000e+00
6.561833184014302656e-02 4.693103672706091523e+00
1.596033135225428667e-01 4.671005853209795333e+00
2.529617920832504807e-01 4.630728050056844403e+00
3.453336549392128085e-01 4.572774963029280215e+00
4.363710162946145554e-01 4.497856946304343850e+00
5.257421044399304133e-01 4.406865063238686986e+00
6.131345933123124592e-01 4.300840855833317988e+00
6.982582874907387049e-01 4.180942711275352330e+00
7.808471140436162861e-01 4.048410715015181793e+00
8.606604121815405462e-01 3.904531699773871267e+00
9.374835339835047021e-01 3.750605991219785107e+00
1.011127803712114082e+00 3.587917199910243049e+00
1.081429911820881662e+00 3.417705929368444639e+00
1.148250826495377908e+00 3.241147908902662245e+00
1.211474311157704875e+00 3.059336817098936567e+00
1.271005143875660659e+00 2.873271793326962253e+00
1.326767132248657166e+00 2.683849278576881492e+00
1.378701004242155914e+00 2.491858782245417903e+00
1.426762248073371486e+00 2.297982075400724966e+00
1.470918967196421345e+00 2.102795252965370842e+00
1.511149800051945435e+00 1.906773059491150946e+00
1.547441942866627729e+00 1.710294990134820114e+00
1.579789313470458367e+00 1.513652682401652960e+00
1.608190873258311449e+00 1.317058204798307042e+00
1.632649111566716105e+00 1.120652891508410409e+00
1.653168720559577309e+00 9.245165693625416736e-01
1.669755448578283730e+00 7.286768878411875594e-01
1.682415164947650643e+00 5.331184795058055981e-01
1.691153068050038399e+00 3.377923671440664632e-01
1.695973114422886896e+00 1.426250188189248647e-01
1.696877616601027539e+00 -5.247260561204714069e-02
1.693867017319103274e+00 -2.475960702623705989e-01
1.686939852076450475e+00 -4.428385367252328786e-01
1.676092885570268365e+00 -6.382818203881518437e-01
1.661321429616527068e+00 -8.339873870778158338e-01
1.642619843066928098e+00 -1.029987263838020972e+00
1.619982214322217784e+00 -1.226274842924491404e+00
1.593403227851834414e+00 -1.422795576075429835e+00
1.562879223612530399e+00 -1.619437712531652140e+00
1.528409436221667139e+00 -1.816022908302031169e+00
1.489997420498191394e+00 -2.012297413622765152e+00
1.447652653971156500e+00 -2.207923311721000204e+00
1.401392305555658524e+00 -2.402470719155956225e+00
1.351243150950050653e+00 -2.595411030661829432e+00
1.297243608945504834e+00 -2.786111707710861918e+00
1.239445862722206915e+00 -2.973833107268962550e+00
1.177918017364868231e+00 -3.157727920060441118e+00
1.112746248826281370e+00 -3.336843661708043030e+00
1.044036847658802003e+00 -3.510129058388280487e+00
9.719181100478637703e-01 -3.676444433478405660e+00
8.965419629638849974e-01 -3.834576768137331282e+00
8.180852547479292580e-01 -3.983259315693112868e+00
7.367505916854519832e-01 -4.121195927314594165e+00
6.527666499514335197e-01 -4.247089562896309900e+00
5.663878765460853559e-01 -4.359674274305292307e+00
4.778935238285076936e-01 -4.457749531210545513e+00
3.875859851640570675e-01 -4.540215474760199044e+00
2.957884235915676507e-01 -4.606107517172351784e+00
2.028417290053182720e-01 -4.654628342186131640e+00
1.091008771828581025e-01 -4.685175492438738765e+00
1.493079445855959031e-02 -4.697362944755286485e+00
-7.929814442700724997e-02 -4.691035238768309412e+00
-1.732148147337280453e-01 -4.666273191194382441e+00
-2.664520651398616935e-01 -4.623390909369135215e+00
-3.586512984693314143e-01 -4.562924303728460806e+00
-4.494667419655200558e-01 -4.485611703883052748e+00
-5.385692571671574225e-01 -4.392367980422365648e+00
-6.256495807298680933e-01 -4.284253785583814533e+00
-7.104209158040407646e-01 -4.162441598077815996e+00
-7.926208199195581283e-01 -4.028180435450684271e+00
-8.720123887929381867e-01 -3.882761082394539098e+00
-9.483847632646436043e-01 -3.727483245524839894e+00
-1.021553004650008978e+00 -3.563625815335000446e+00
-1.091357409183400184e+00 -3.392421201423971855e+00
-1.157662356000574544e+00 -3.215034175252625026e+00
-1.220354778071250479e+00 -3.032545363985616582e+00
-1.279342345920214230e+00 -2.845939380315573697e+00
-1.334551458098193422e+00 -2.656097299817500090e+00
-1.385925121325123133e+00 -2.463792962866122593e+00
-1.433420789399682205e+00 -2.269692601131143128e+00
-1.477008223251723873e+00 -2.074357262867808860e+00
-1.516667424356485050e+00 -1.878247440490592890e+00
-1.552386677987207309e+00 -1.681729375734423604e+00
-1.584160734965408990e+00 -1.485082609506282125e+00
-1.611989155035005838e+00 -1.288508379430254536e+00
-1.635874825073865946e+00 -1.092138532488556191e+00
-1.655822658527345670e+00 -8.960447264131100598e-01
-1.671838480442564112e+00 -7.002477487223812691e-01
-1.683928100366606007e+00 -5.047268185960293030e-01
-1.692096571152996054e+00 -3.094288085738763905e-01
-1.696347631577777681e+00 -1.142773633990618598e-01
-1.696683330246233190e+00 8.081804759527616566e-02
-1.693103831974960283e+00 2.759531958504347626e-01
-1.685607401802511562e+00 4.712201462901985938e-01
-1.674190569365023418e+00 6.666983211920818331e-01
-1.658848472617756142e+00 8.624454745086672647e-01
-1.639575384413909154e+00 1.058488589050781581e+00
-1.616365421463662466e+00 1.254814666452724436e+00
-1.589213440126719279e+00 1.451361433552633695e+00
-1.558116118930544358e+00 1.648008022751230151e+00
-1.523073226944987368e+00 1.844565742351802040e+00
-1.484089075494275267e+00 2.040769093501190401e+00
-1.441174144715106076e+00 2.236267275022294054e+00
-1.394346877277562680e+00 2.430616444852904401e+00
-1.343635614621316199e+00 2.623273146985036330e+00
-1.289080639856633459e+00 2.813589442017988329e+00
-1.230736318840347288e+00 3.000810005724489304e+00
-1.168673250968671695e+00 3.184071971778545951e+00
-1.102980404831316985e+00 3.362408145920956049e+00
-1.033767156806456367e+00 3.534753591895992919e+00
-9.611651429413725634e-01 3.699956872560178134e+00
-8.853298427914303437e-01 3.856795899634088975e+00
-8.064418064179514900e-01 4.003998057681616984e+00
-7.247074163436936223e-01 4.140265136260321555e+00
-6.403591295850925569e-01 4.264302588496224899e+00
-5.536550780014245499e-01 4.374851841255817497e+00
-4.648779902246393259e-01 4.470724738213969651e+00
-3.743334372810499522e-01 4.550838991279226420e+00
-2.823473698741717497e-01 4.614252399412563044e+00
-1.892629621080792746e-01 4.660194389230635004e+00
-9.543689723492515542e-02 4.688092712526369610e+00
-1.235184493553212470e-03 4.697594193300874466e+00
9.297139546710611602e-02 4.688577534992847795e+00
1.868120052286107169e-01 4.661157833425217056e+00
2.799204598851938730e-01 4.615682344469940190e+00
3.719397593148645043e-01 4.552717771393398394e+00
4.625263291677176314e-01 4.473029826326474279e+00
5.513537340021984479e-01 4.377556584506704596e+00
6.381158274306325540e-01 4.267377169371190604e+00
7.225292507921561302e-01 4.143677347333169614e+00
8.043352208023271110e-01 4.007714250134268852e+00
8.833005963457360998e-01 3.860782053982025452e+00
9.592183091295560793e-01 3.704179140300361883e+00
1.031907145295105410e+00 3.539179119647680061e+00
1.101210975609631770e+00 3.367005821204964722e+00
1.166997562818831602e+00 3.188812663806896985e+00
1.229156971685842370e+00 3.005666954015068448e+00
1.287599719105340768e+00 2.818538646770910372e+00
1.342254752196416545e+00 2.628293368516924744e+00
1.393067310097535483e+00 2.435689274484731381e+00
1.439996765193192862e+00 2.241377108427418108e+00
1.483014493444230197e+00 2.045902972399468833e+00
1.522101817756044140e+00 1.849713244165850146e+00
1.557248071361845954e+00 1.653161076557891018e+00
1.588448802703767537e+00 1.456514096236519951e+00
1.615704142838016555e+00 1.259962898225068795e+00
1.639017349383926625e+00 1.063630008706399455e+00
1.658393532651909696e+00 8.675791181650195361e-01
1.673838568657106896e+00 6.718243993568754346e-01
1.685358198916768524e+00 4.763397987527513422e-01
1.692957316216516794e+00 2.810682466417735448e-01
1.696639431351590455e+00 8.593078418741909030e-02
1.696406327930192859e+00 -1.091644480555322705e-01
1.692257891116181634e+00 -3.043132289862914286e-01
1.684192120177026686e+00 -4.996063574921033590e-01
1.672205315970607398e+00 -6.951206579601695301e-01
1.656292454409242110e+00 -8.909099867744367796e-01
1.636447736845065837e+00 -1.086996092574773254e+00
1.612665327581808139e+00 -1.283359390520810051e+00
1.584940275849317182e+00 -1.479929679758242411e+00
1.553269626401688974e+00 -1.676576799037695409e+00
1.517653713414837569e+00 -1.873101455407917726e+00
1.478097639929234264e+00 -2.069226261215106000e+00
1.434612929427506955e+00 -2.264587346750924546e+00
1.387219338361637577e+00 -2.458726780106232912e+00
1.335946812509592130e+00 -2.651086206480926410e+00
1.280837547583529412e+00 -2.841002191185837411e+00
1.221948132798432285e+00 -3.027703726030881448e+00
1.159351705818314704e+00 -3.210312518917189717e+00
1.093140080389593205e+00 -3.387846572000396517e+00
1.023425756471954662e+00 -3.559227663462591451e+00
9.503437427985266250e-01 -3.723293021022700877e+00
8.740530946881527319e-01 -3.878811804756710391e+00
7.947380809924813327e-01 -4.024505974957969023e+00
7.126088722824770461e-01 -4.159076135915533712e+00
6.279016941568903443e-01 -4.281230754336470490e+00
5.408783333717560593e-01 -4.389719264516986463e+00
4.518249691047183658e-01 -4.483366833305167276e+00
3.610503018140238107e-01 -4.561109357625105609e+00
2.688829890735985328e-01 -4.622027728821035630e+00
1.756684164730968056e-01 -4.665378663116484859e+00
8.176489289982107056e-02 -4.690620639811221793e+00
-1.246059465611271122e-02 -4.697433554670067402e+00
-1.066369636140549748e-01 -4.685730400601560319e+00
-2.003937601096444643e-01 -4.655660455942570941e+00
-2.933658555856062389e-01 -4.607603863237375919e+00
-3.851979578697173334e-01 -4.542157647632759421e+00
-4.755487561965893728e-01 -4.460114348935639406e+00
-5.640945823717311569e-01 -4.362434590008642310e+00
-6.505324662597956609e-01 -4.250215100441939065e+00
-7.345825235339749071e-01 -4.124654230705932179e+00
-8.159896416356636761e-01 -3.987016684655948495e+00
-8.945244636915536951e-01 -3.838599101849262674e+00
-9.699837018298953506e-01 -3.680698021601264358e+00
-1.042189842180367698e+00 -3.514581291450230793e+00
-1.110990317562409846e+00 -3.341463641617736346e+00
-1.176256233416612673e+00 -3.162486865669163372e+00
-1.237880745254327008e+00 -2.978704715359858035e+00
-1.295777179021991410e+00 -2.791072323714943515e+00
-1.349876981212278393e+00 -2.600439818877827935e+00
