7.853981633974482790e-01 7.853981633974482790e-01
7.997564657821188971e-01 6.453158912616896448e-01
8.112852517876563141e-01 5.034580670083058651e-01
8.199529875644272492e-01 3.602315036620033495e-01
8.257362150763284392e-01 2.160345408358151365e-01
8.286194036087611847e-01 7.125922430689213272e-02
8.285948465234778126e-01 -7.370626850059690260e-02
8.256626099750838943e-01 -2.184750516548641941e-01
8.198305316213714278e-01 -3.626589042797339624e-01
8.111142746911000900e-01 -5.058656929255027634e-01
7.995374313409812084e-01 -6.476969537232402097e-01
7.851316713266895952e-01 -7.877457374493037623e-01
7.679369311343944293e-01 -9.255948154977081677e-01
7.480016344359474711e-01 -1.060815346260924219e+00
7.253829339893663741e-01 -1.192966092806158285e+00
7.001469629965803021e-01 -1.321593274419742725e+00
6.723690824876624728e-01 -1.446231128288626655e+00
6.421341097001108666e-01 -1.566403235786206993e+00
6.095365119037524648e-01 -1.681624650427670842e+00
5.746805493134617970e-01 -1.791404847337714878e+00
5.376803502985347816e-01 -1.895251485232437805e+00
4.986599027485231206e-01 -1.992674940655339233e+00
4.577529611447392899e-01 -2.083193420016480335e+00
4.151027997748217846e-01 -2.166339151072631530e+00
3.708619018458129135e-01 -2.241664160170390385e+00
3.251914828973697102e-01 -2.308747139948196025e+00
2.782608891213089186e-01 -2.367200023576423895e+00
2.302468665073790777e-01 -2.416674466068859495e+00
1.813327007122431112e-01 -2.456868049620866135e+00
1.317072375141220275e-01 -2.487529848340064298e+00
8.156380074720145923e-02 -2.508465238912801709e+00
3.109902473793292599e-02 -2.519539697530138955e+00
-1.948839026480947423e-02 -2.520681576692621384e+00
-6.999894740269094195e-02 -2.511883506176840086e+00
-1.202336464813709149e-01 -2.493202401357794695e+00
-1.699952673282091875e-01 -2.464758574899684085e+00
-2.190896194073658210e-01 -2.426733166414896559e+00
-2.673267323110224414e-01 -2.379364523280112387e+00
-3.145219510456894185e-01 -2.322943741521798611e+00
-3.604969483337565617e-01 -2.257809140194083408e+00
-4.050806100588900671e-01 -2.184340233909986217e+00
-4.481097951944140734e-01 -2.102951295124038111e+00
-4.894299712151451431e-01 -2.014084703574528845e+00
-5.288957089691823654e-01 -1.918204358718513580e+00
-5.663710502630961985e-01 -1.815789326786179991e+00
-6.017297535369020567e-01 -1.707327897961443242e+00
-6.348554223005135055e-01 -1.593312217468541903e+00
-6.656415326720916958e-01 -1.474233594611799258e+00
-6.939913801555651629e-01 -1.350578550728251948e+00
-7.198179480473625436e-01 -1.222825667816907380e+00
-7.430437222657172436e-01 -1.091443320916257287e+00
-7.636004732400858419e-01 -9.568880976723252996e-01
-7.814290083711914470e-01 -8.196041388319997845e-01
-7.964789219281646071e-01 -6.800230801268578595e-01
-8.087083487470749787e-01 -5.385647144885994386e-01
-8.180837398548371775e-01 -3.956382153497778331e-01
-8.245796624905739058e-01 -2.516438071241567376e-01
-8.281786443293749356e-01 -1.069748775184297812e-01
-8.288710568908849163e-01 3.797968066625115324e-02
-8.266550518294185634e-01 1.828329064834780249e-01
-8.215365495771845827e-01 3.271971497390790962e-01
-8.135292761178221088e-01 4.706814738653725128e-01
-8.026548585394710500e-01 6.128891863761085634e-01
-7.889429590211208820e-01 7.534156121460044986e-01
-7.724314590183575246e-01 8.918461995684604515e-01
-7.531666654928225180e-01 1.027755064371242311e+00
-7.312035591701105952e-01 1.160704064361989918e+00
-7.066060354017267287e-01 1.290242488440533020e+00
-6.794471588623086644e-01 1.415907435761685873e+00
-6.498093965850543219e-01 1.537224948459249063e+00
-6.177848217637409434e-01 1.653711940189599217e+00
-5.834752711138777581e-01 1.764878942929981820e+00
-5.469924382645621197e-01 1.870233670378705915e+00
-5.084578881558612373e-01 1.969285358590635582e+00
-4.680029766248902656e-01 2.061549840831709890e+00
-4.257686615112405981e-01 2.146555217687349248e+00
-3.819051964054881454e-01 2.223848067453138011e+00
-3.365716944245071285e-01 2.292999900254090395e+00
-2.899355613504148166e-01 2.353613820527542533e+00
-2.421717953384109612e-01 2.405331139208516156e+00
-1.934621558553724641e-01 2.447837554620690081e+00
-1.439942163248506268e-01 2.480868960242561982e+00
-9.396030090543813773e-02 2.504216494648989322e+00
-4.355633872091309311e-02 2.517730521099514895e+00
7.019358396026490095e-03 2.521323686578767820e+00
5.756737124287175655e-02 2.514972697558531145e+00
1.078884556034568482e-01 2.498718724971684235e+00
1.577848348007227786e-01 2.472666632254922447e+00
2.070614641638331421e-01 2.436982834050505531e+00
2.555272235133174141e-01 2.391891987469690672e+00
3.029960503757889723e-01 2.337672666826813739e+00
3.492879742291634115e-01 2.274652067912122266e+00
3.942300249061143624e-01 2.203200147263485231e+00
4.376570330246062346e-01 2.123723239729940815e+00
4.794122954805936088e-01 2.036657346746429731e+00
5.193480958091766242e-01 1.942461730502327066e+00
5.573261159871819581e-01 1.841612273180790238e+00
5.932177029981010596e-01 1.734595512864113065e+00
6.269040263946668023e-01 1.621903117207017297e+00
6.582761331201357757e-01 1.504026989324867003e+00
6.872349073096750693e-01 1.381455149708275210e+00
7.136909593016892428e-01 1.254668393169329654e+00
7.375644533999435870e-01 1.124137768431211937e+00
7.587848954734813800e-01 9.903228732166652337e-01
7.772908845172199488e-01 8.536709366648476127e-01
7.930298737197406522e-01 7.146166441312774564e-01
8.059579159013717797e-01 5.735826122748002298e-01
8.160394293368568031e-01 4.309804946888798338e-01
8.232469983796772972e-01 2.872125454796590205e-01
8.275612013100904774e-01 1.426736165032923553e-01
8.289704819150824910e-01 -2.246493632138461816e-03
8.274710809246709209e-01 -1.471606190568815753e-01
8.230670003147427805e-01 -2.916815141989047566e-01
8.157700364839749474e-01 -4.354192881713990215e-01
8.055998576157270552e-01 -5.779788874351385886e-01
7.925841301416305384e-01 -7.189577934326586428e-01
7.767586899817585655e-01 -8.579440418750162722e-01
7.581677480819501991e-01 -9.945146488636122939e-01
7.368641224956050673e-01 -1.128234554352768759e+00
7.129094860222303653e-01 -1.258656151844873339e+00
6.863746269960236956e-01 -1.385319409928601919e+00
6.573396716979448273e-01 -1.507752980644657459e+00
6.258943104320047190e-01 -1.625475803586746038e+00
5.921379604680042652e-01 -1.737999698393886794e+00
5.561798809491346196e-01 -1.844832686765368379e+00
5.181392080698727920e-01 -1.945483208616463511e+00
4.781448975156248338e-01 -2.039464941280067833e+00
4.363355646172274449e-01 -2.126302430070064808e+00
3.928592070979464723e-01 -2.205537081826787205e+00
3.478728021176122343e-01 -2.276733655424183489e+00
3.015417697667204799e-01 -2.339486869533757840e+00
2.540393102202526121e-01 -2.393427987577331884e+00
2.055455974967259625e-01 -2.438231234988629925e+00
1.562468687361165398e-01 -2.473619631963434706e+00
1.063343783627811734e-01 -2.499370271722457737e+00
5.600327983732383136e-02 -2.515318596817162078e+00
5.451412194408238737e-03 -2.521361708356240072e+00
-4.512195777891479104e-02 -2.517460394640749222e+00
-9.551742118913210400e-02 -2.503639996870246076e+00
-1.455367248139265435e-01 -2.479989790192962396e+00
-1.949840319833613667e-01 -2.446661314739971171e+00
-2.436671486891409943e-01 -2.403865209631093958e+00
-2.913986665408452303e-01 -2.351867224043162174e+00
-3.379970223161707366e-01 -2.290983104272402482e+00
-3.832874402953256876e-01 -2.221572835167578752e+00
-4.271027646096697272e-01 -2.144034397996623209e+00
-4.692841455895999658e-01 -2.058797125361187419e+00
-5.096816152292646951e-01 -1.966315139047770666e+00
-5.481545061037417232e-01 -1.867060790634406997e+00
-5.845717645943817597e-01 -1.761518542949255917e+00
-6.188121310908825112e-01 -1.650179266501349495e+00
-6.507642164851811240e-01 -1.533535238964089942e+00
-6.803264904450991857e-01 -1.412075758864503872e+00
-7.074071777676106398e-01 -1.286283695042810482e+00
-7.319241080039042835e-01 -1.156632663329307587e+00
-7.538045033104665560e-01 -1.023585217619359167e+00
-7.729847480545208871e-01 -8.875916753056403152e-01
-7.894101359510675708e-01 -7.490897883171099281e-01
-8.030346222311884885e-01 -6.085050830252684007e-01
-8.138205842388521738e-01 -4.662517674938621570e-01
-8.217386117819381885e-01 -3.227342532285438770e-01
-8.267673248051143897e-01 -1.783490076078448616e-01
-8.288932398336852359e-01 -3.348683447679942637e-02
-8.281106784781571140e-01 1.114646800972698970e-01
-8.244217288698351132e-01 2.561185550772054897e-01
-8.178362624365758116e-01 4.000857918377469513e-01
-8.083719953283342585e-01 5.429728320080066117e-01
-7.960546102756603792e-01 6.843791946977336726e-01
-7.809179103299705993e-01 8.238954082006956225e-01
-7.630040243000879574e-01 9.611013265136546524e-01
-7.423636225919023612e-01 1.095564928105602132e+00
-7.190561762928806555e-01 1.226841695057210968e+00
-6.931501995833961871e-01 1.354474642043562271e+00
-6.647234961195070957e-01 1.477995071056497967e+00
-6.338633813624842128e-01 1.596924103133924744e+00
-6.006668628504354679e-01 1.710775021858306211e+00
-5.652407682528889366e-01 1.819056434486642670e+00
-5.277018002257666263e-01 1.921276238460367436e+00
-4.881765046748459680e-01 2.016946341556937305e+00
-4.468011375146304087e-01 2.105588047733439883e+00
-4.037214158235318262e-01 2.186738036495547099e+00
-3.590921480216264228e-01 2.259954692608692195e+00
-3.130767306561307306e-01 2.324824715646597983e+00
-2.658465156081318281e-01 2.380969790531491270e+00
-2.175800404040745539e-01 2.428052960118207704e+00
-1.684621389937506208e-01 2.465784700687181363e+00
-1.186829316797127082e-01 2.493928360167994462e+00
-6.843671950314630936e-02 2.512304645514449319e+00
-1.792079635582331798e-02 2.520795205108230075e+00
3.266580440987055384e-02 2.519345035059622262e+00
8.312359032252134017e-02 2.507963543313313615e+00
1.332539009992781964e-01 2.486724383458152055e+00
1.828601908619526262e-01 2.455763974990170073e+00
2.317492595739495953e-01 2.415278740522053713e+00
2.797324154623566095e-01 2.365521282783125567e+00
3.266265628986433911e-01 2.306795538806170942e+00
3.722551746068467060e-01 2.239451147620026727e+00
4.164491438249025013e-01 2.163877334245078110e+00
4.590475189644549481e-01 2.080496336559934711e+00
4.998980971325115985e-01 1.989756743294141650e+00
5.388578859468671212e-01 1.892127023218943105e+00
5.757934412309068106e-01 1.788089202178038573e+00
6.105810773029001215e-01 1.678133047167389869e+00
6.431069713902096696e-01 1.562750922277920784e+00
6.732671691132878777e-01 1.442433234672317433e+00
7.009675033421067791e-01 1.317664695248962348e+00
7.261234527107578440e-01 1.188921426021156247e+00
7.486599468781923727e-01 1.056668833294979404e+00
7.685111334351955037e-01 9.213603093968217861e-01
7.856201329508960551e-01 7.834367066061368456e-01
7.999387895297881412e-01 6.433264879548029613e-01
8.114274252201748583e-01 5.014465408569408478e-01
8.200546220797062524e-01 3.582035312727827048e-01
8.257970368366640557e-01 2.139956852550558564e-01
8.286392493490408739e-01 6.921497733545574349e-02
8.285736614573299130e-01 -7.575042755354305379e-02
8.256004502471776529e-01 -2.205136652124428387e-01
8.197275633984714149e-01 -3.646864742672838444e-01
8.109707751589617652e-01 -5.078766433508729028e-01
7.993537909296507538e-01 -6.496856064604957792e-01
7.849083955349903663e-01 -7.897062792281321908e-01
7.676746439008919065e-01 -9.275212768221523518e-01
7.477010812305233678e-01 -1.062701586724641878e+00
7.250449850919190586e-01 -1.194805796813966703e+00
6.997726167020581478e-01 -1.323379956322851880e+00
6.719594714856459428e-01 -1.447958120243710178e+00
6.416905001466620684e-01 -1.568063754347189809e+00
6.090603074448834864e-01 -1.683211804519041843e+00
5.741732917266302305e-01 -1.792911699604710751e+00
5.371437214728768117e-01 -1.896671101919872982e+00
4.980957247504137486e-01 -1.994000449910117823e+00
4.571631824558147761e-01 -2.084418205748084674e+00
4.144895093898760541e-01 -2.167456679955297894e+00
3.702273148635708555e-01 -2.242668297688953150e+00
3.245379325385348013e-01 -2.309632173964005553e+00
2.775908186288710278e-01 -2.367960745342977180e+00
2.295628191412791008e-01 -2.417306276069529858e+00
1.806373012275743761e-01 -2.457367056970712227e+00
1.310031834500196002e-01 -2.487892915683410422e+00
8.085384398895734126e-02 -2.508690043751632182e+00
3.038595273332971025e-02 -2.519624810143858085e+00
-2.020176678918651075e-02 -2.520626438123348301e+00
-7.070981336461487632e-02 -2.511688407049213367e+00
-1.209392040196937135e-01 -2.492868643468702405e+00
-1.706927531862056369e-01 -2.464288288966946183e+00
-2.197763240552892960e-01 -2.426129307678555946e+00
-2.680000102574490173e-01 -2.378630858327797082e+00
-3.151792416739373492e-01 -2.322084721978499466e+00
-3.611357861652276235e-01 -2.256829839519401304e+00
-4.056986358018765948e-01 -2.183246275530208891e+00
-4.487047690876520001e-01 -2.101748730230053930e+00
-4.899997769094407984e-01 -2.012779949263045154e+00
-5.294383620747917796e-01 -1.916804076315664629e+00
-5.668847021959323440e-01 -1.814300358228792653e+00
-6.022126933782466773e-01 -1.705757173914814073e+00
-6.353060779688666226e-01 -1.591666692073001377e+00
-6.660584736557297880e-01 -1.472520176106738354e+00
-6.943733124079487506e-01 -1.348804048113481313e+00
-7.201637132625894333e-01 -1.220996775292926495e+00
-7.433522951353320751e-01 -1.089566551928406346e+00
-7.638709575962498999e-01 -9.549698121068753709e-01
-7.816606335056731636e-01 -8.176505051384785894e-01
-7.966710399910477136e-01 -6.780400935739011592e-01
-8.088604293630765607e-01 -5.365582202798570011e-01
-8.181953684158764784e-01 -3.936139093357673424e-01
-8.246505388999667563e-01 -2.496072798134558457e-01
-8.282085779821806160e-01 -1.049316362723582419e-01
-8.288599681928338070e-01 4.002417175210963574e-02
-8.266029709104367740e-01 1.848731924125667503e-01
-8.214436150124283520e-01 3.292277470478390811e-01
-8.133957386605167317e-01 4.726968339316141021e-01
-8.024810798603393414e-01 6.148836633183683009e-01
-7.887294159038614749e-01 7.553834322291385073e-01
-7.721787439844506329e-01 8.937814380672342018e-01
-7.528754947470788217e-01 1.029651628671104158e+00
-7.308747706508249564e-01 1.162555683057603151e+00
-7.062405954833566035e-01 1.292042716743164732e+00
-6.790461649444200498e-01 1.417649657087152848e+00
-6.493740798344460607e-01 1.538902409788205583e+00
-6.173165501530046839e-01 1.655317766971397431e+00
-5.829755518313629592e-01 1.766406204559102910e+00
-5.464629174723731886e-01 1.871675417682800768e+00
-5.079003517343532170e-01 1.970634705759761296e+00
-4.674193468604893598e-01 2.062800038921875245e+00
-4.251609957422833319e-01 2.147699730458453526e+00
-3.812756780211692953e-01 2.224880680175454817e+00
-3.359226275365288505e-01 2.293914811154068811e+00
-2.892693625995381157e-01 2.354405685248316615e+00
-2.414909819923574674e-01 2.405995193366200269e+00
-1.927693349727122030e-01 2.448369729887123203e+00
-1.432920665977025498e-01 2.481265926777180386e+00
-9.325156278234322804e-02 2.504475703066626480e+00
-4.284379490873614638e-02 2.517850310033280081e+00
7.732903923482060959e-03 2.521303280684243919e+00
5.827910355329788544e-02 2.514812211959046362e+00
1.085955729101245465e-01 2.498419203061966520e+00
1.584845673056662629e-01 2.472229983192403946e+00
2.077510846631065444e-01 2.436411822676448402e+00
2.562040703878120662e-01 2.391190176887103558e+00
3.036575417593978532e-01 2.336844320675906861e+00
