2.953097094374405263e+00 2.953097094374405263e+00
3.012025167953341853e+00 2.921968941421413390e+00
3.070443289180028845e+00 2.902275267429475392e+00
3.128580861270627178e+00 2.894006217286659854e+00
3.186667084497903257e+00 2.897157252755838019e+00
3.244931131291682203e+00 2.911730125815945591e+00
3.303602274699763530e+00 2.937732429575786064e+00
3.362909972278371296e+00 2.975176165818411711e+00
3.423083953885322828e+00 3.024074034954054024e+00
3.484354169584193528e+00 3.084435203743485232e+00
3.546950668365547177e+00 3.156258876676108827e+00
3.611103314688341559e+00 3.239526305084687863e+00
3.677041340532995140e+00 3.334191139934343351e+00
3.744992676232317130e+00 3.440167683588349679e+00
3.815183019551647181e+00 3.557316998146566434e+00
3.887834611732897017e+00 3.685431053676125668e+00
3.963164685318308234e+00 3.824214838052742760e+00
4.041383508502438993e+00 3.973266180275421888e+00
4.122692023990473409e+00 4.132053997387012956e+00
4.207279048505572661e+00 4.299895245565671154e+00
4.295317936849808227e+00 4.475931014302177324e+00
4.386962865680497536e+00 4.659103456672805343e+00
4.482344608246130235e+00 4.848134227344975677e+00
4.581565915141133871e+00 5.041506516280550798e+00
4.684696598342468654e+00 5.237452766538609694e+00
4.791768441125187294e+00 5.433950443915929185e+00
4.902770125886988239e+00 5.628728460631708508e+00
5.017642419117538388e+00 5.819286787564077024e+00
5.136273901012947007e+00 6.002931444796254290e+00
5.258497564628719090e+00 6.176826339446478187e+00
5.384088628332456494e+00 6.338062289053186582e+00
5.512763897299007176e+00 6.483742053150573170e+00
5.644182968797947453e+00 6.611078404745513559e+00
5.777951495744055421e+00 6.717500509549235055e+00
5.913626628530058049e+00 6.800761139632469643e+00
6.050724517611417497e+00 6.859039093582923741e+00
6.188729794798124573e+00 6.891026024373432257e+00
6.327106548485110338e+00 6.895992050959526942e+00
6.465310364850910929e+00 6.873823105385004517e+00
6.602800796051871757e+00 6.825026857605351438e+00
6.739053627069054642e+00 6.750706531904275387e+00
6.873572312552044927e+00 6.652505151998637345e+00
7.005898039786141673e+00 6.532525422643883140e+00
7.135617999379619825e+00 6.393232354379311033e+00
7.262371594943866526e+00 6.237346760936674173e+00
7.385854492488515000e+00 6.067737584848103438e+00
7.505820554824488511e+00 5.887320140999844575e+00
7.622081845181813087e+00 5.698966239461541683e+00
7.734506978194619187e+00 5.505428709971771362e+00
7.843018112605063763e+00 5.309283328769477173e+00
7.947586964729265624e+00 5.112887841261649413e+00
8.048230153042972290e+00 4.918356965406577075e+00
8.145004191429126905e+00 4.727551413951988302e+00
8.238000380867608996e+00 4.542078536699214020e+00
8.327339809270739579e+00 4.363301961557488617e+00
8.413168613664327111e+00 4.192357742441846113e+00
8.495653610745488749e+00 4.030174796542346449e+00
8.574978373750562710e+00 3.877497658130403480e+00
8.651339761724681665e+00 3.734910222868024654e+00
8.724944934838827493e+00 3.602859141552859690e+00
8.796008829257440098e+00 3.481676149733009762e+00
8.864752057705967303e+00 3.371598835848313325e+00
8.931399215114472767e+00 3.272789386362032094e+00
8.996177536004292818e+00 3.185351262573483666e+00
9.059315865284885305e+00 3.109343750791158101e+00
9.121043899998511506e+00 3.044794434206953948e+00
9.181591661855891928e+00 2.991709650911041241e+00
9.241189160015824910e+00 2.950083093790466293e+00
9.300066208836353709e+00 2.919902672256600162e+00
9.358452367170714936e+00 2.901155748244949706e+00
9.416576967294453482e+00 2.893832846175284246e+00
9.474669204609593720e+00 2.897929911413987369e+00
9.532958251783441028e+00 2.913449255377797531e+00
9.591673392316744540e+00 2.940398952007504008e+00
9.651044113613673758e+00 2.978791104634935127e+00
9.711300160380220703e+00 3.028638373524466409e+00
9.772671499522004979e+00 3.089949374872174470e+00
9.835388175376962749e+00 3.162722089736077713e+00
9.899680019369677453e+00 3.246935933843448918e+00
9.965776185171138835e+00 3.342541748691634229e+00
1.003390445835610478e+01 3.449449986096618570e+00
1.010429029666379996e+01 3.567516561681525200e+00
1.017715559617055909e+01 3.696527045852679993e+00
1.025271708928519665e+01 3.836178312236377508e+00
1.033118437042502613e+01 3.986058368385708484e+00
1.041275749300544362e+01 4.145624418075612105e+00
1.049762410967925241e+01 4.314179704156655859e+00
1.058595615062299800e+01 4.490849806142851008e+00
1.067790602037709036e+01 4.674559225936794071e+00
1.077360234299285047e+01 4.864010658289333655e+00
1.087314533506505754e+01 5.057666801799510559e+00
1.097660185018056467e+01 5.253739040206827582e+00
1.108400029289276745e+01 5.450183834634644064e+00
1.119532555336963675e+01 5.644710187649429223e+00
1.131051422734757672e+01 5.834800451390709242e+00
1.142945040504016418e+01 6.017746670729200886e+00
1.155196235764857882e+01 6.190703850610651315e+00
1.167782046585739231e+01 6.350760372089098382e+00
1.180673672379433725e+01 6.495024237496682673e+00
1.193836610766955353e+01 6.620722020513539974e+00
1.207231001660662884e+01 6.725305592431610968e+00
1.220812188667341580e+01 6.806559353799072731e+00
1.234531487749960377e+01 6.862701488214311141e+00
1.248337148119869333e+01 6.892469464821041392e+00
1.262175461624705619e+01 6.895183403744075790e+00
1.275991972200136360e+01 6.870780961073956306e+00
1.289732723647222556e+01 6.819820560249477026e+00
1.303345481726274890e+01 6.743452638769054985e+00
1.316780868478997313e+01 6.643361637639869421e+00
1.329993355069449024e+01 6.521684149723792956e+00
1.342942072447823598e+01 6.380910484407462668e+00
1.355591414638491443e+01 6.223777764472436580e+00
1.367911425731780106e+01 6.053162464708374380e+00
1.379877976370146797e+01 5.871979690215749059e+00
1.391472750105843303e+01 5.683093936426791615e+00
1.402683064767448684e+01 5.489245310625097574e+00
1.413501563177993070e+01 5.292992862126000730e+00
1.423925807169312208e+01 5.096674956821747315e+00
1.433957808411340018e+01 4.902385509631373317e+00
1.443603525827460032e+01 4.711964080586374060e+00
1.452872354988531001e+01 4.526997358705793673e+00
1.461776629726371368e+01 4.348829434655275605e+00
1.470331150793954933e+01 4.178578399685854095e+00
1.478552753176525769e+01 4.017156999163463027e+00
1.486459916697724104e+01 3.865295589102370588e+00
1.494072424502021690e+01 3.723565682978967839e+00
1.501411064623566283e+01 3.592403694362101607e+00
1.508497384974270972e+01 3.472132823756080455e+00
1.515353486648224290e+01 3.362983656468585103e+00
1.522001854816595134e+01 3.265112956305240566e+00
1.528465230271820197e+01 3.178619982852292303e+00
1.534766506927844354e+01 3.103560957263082010e+00
1.540928658923110284e+01 3.039961330817127827e+00
1.546974689383293367e+01 2.987826090399002155e+00
1.552927598124252029e+01 2.947148211826522868e+00
1.558810364542755345e+01 2.917915383039628718e+00
1.564645942419643454e+01 2.900115106850948532e+00
1.570457263393692493e+01 2.893738292825502878e+00
1.576267246275545553e+01 2.898781411946585340e+00
1.582098809084411606e+01 2.915247265603612803e+00
1.587974881411677330e+01 2.943144378824814833e+00
1.593918414152512142e+01 2.982485008873998034e+00
1.599952383843170090e+01 3.033281724935098733e+00
1.606099788527108174e+01 3.095542482485346358e+00
1.612383632251775012e+01 3.169264098346900482e+00
1.618826894500185531e+01 3.254423984700212102e+00
1.625452482473876259e+01 3.350970159806540227e+00
1.632283158996669670e+01 3.458809056253153269e+00
1.639341445820582166e+01 3.577791466827237699e+00
1.646649496098634913e+01 3.707696293762661632e+00
1.654228932173160160e+01 3.848212189180916010e+00
1.662100644192418741e+01 3.998917183575690260e+00
1.670284545803621867e+01 4.159256619721783288e+00
1.678799285795410157e+01 4.328519905237952159e+00
1.687661909943261307e+01 4.505816823373987035e+00
1.696887478542408800e+01 4.690054403653620696e+00
1.706488637320138935e+01 4.879915912367075670e+00
1.716475150364075120e+01 5.073843665715492612e+00
1.726853404271425774e+01 5.270027896862534256e+00
1.737625897992913693e+01 5.466404118901524889e+00
1.748790738121947896e+01 5.660661574090245729e+00
1.760341164008476511e+01 5.850265190486028111e+00
1.772265133508909685e+01 6.032493452099059184e+00
1.784545000323063846e+01 6.204492961267146001e+00
1.797157318311925422e+01 6.363350234265731764e+00
1.810072806849730398e+01 6.506179193905612834e+00
1.823256502312856853e+01 6.630220846382197664e+00
1.836668124912149835e+01 6.732950618250185926e+00
1.850262651692971616e+01 6.812185265989991301e+00
1.863991105883773614e+01 6.866182925864612763e+00
1.877801530572303790e+01 6.893727302378942490e+00
1.891640109113784263e+01 6.894188785146750043e+00
1.905452378936852043e+01 6.867556718815210459e+00
1.919184480912254642e+01 6.814440102886788253e+00
1.932784375898095774e+01 6.736036181657972577e+00
1.946202969120158244e+01 6.634070266667766447e+00
1.959395089797540024e+01 6.510712165686318720e+00
1.972320285006604124e+01 6.368476736812416661e+00
1.984943405055033949e+01 6.210116689843633964e+00
1.997234972725680180e+01 6.038515473943784073e+00
2.009171343560861089e+01 5.856587130527199037e+00
2.020734676625270509e+01 5.667188377335948601e+00
2.031912744095964385e+01 5.473046244573756880e+00
2.042698612656386459e+01 5.276702790902874085e+00
2.053090233196713044e+01 5.080476745336267363e+00
2.063089961146277673e+01 4.886441254212035012e+00
2.072704057016869328e+01 4.696414851261868861e+00
2.081942183567551652e+01 4.511963426152953538e+00
2.090816892811651684e+01 4.334411796357755975e+00
2.099343171975047895e+01 4.164860137396859230e+00
2.107538005882717158e+01 4.004205209317966307e+00
2.115419994470277132e+01 3.853163303701399922e+00
2.123009013830373348e+01 3.712293972557095145e+00
2.130325925127661790e+01 3.582023274314685590e+00
2.137392329537724578e+01 3.462666078078490361e+00
2.144230364976971615e+01 3.354446150899494938e+00
2.150862542859017879e+01 3.257514877461527458e+00
2.157311619688460880e+01 3.171967449565069153e+00
2.163600498646962222e+01 3.097857098810577803e+00
2.169752157970728135e+01 3.035207210554119683e+00
2.175789601849054122e+01 2.984021440333768371e+00
2.181735826637826392e+01 2.944292294680851185e+00
2.187613813242516159e+01 2.916007012491511841e+00
2.193446511394351361e+01 2.899153382658605782e+00
2.199256851843238891e+01 2.893722687883768074e+00
2.205067752694480632e+01 2.899711915902311699e+00
2.210902132412502041e+01 2.917124389903120729e+00
2.216782922097571884e+01 2.945969035869036023e+00
2.222733074685533694e+01 2.986258287442613568e+00
2.228775568762116777e+01 3.038004538673261035e+00
2.234933403598357771e+01 3.101215086676828214e+00
2.241229582632318085e+01 3.175885483422588695e+00
2.247687081695587352e+01 3.261991134848053697e+00
2.254328798656640132e+01 3.359477056181109589e+00
2.261177480262627881e+01 3.468245634477024275e+00
2.268255623439817725e+01 3.588142393924242946e+00
2.275585344936841636e+01 3.718939549069733452e+00
2.283188213590100801e+01 3.860317286996222563e+00
2.291085048309905758e+01 4.011843504786949843e+00
2.299295670225273369e+01 4.172951552133193687e+00
2.307838608442688866e+01 4.342916862254646126e+00
2.316730759877878398e+01 4.520833270546744664e+00
2.325987001539307641e+01 4.705590033368406644e+00
2.335619758616600450e+01 4.895851035906993332e+00
2.345638534015176546e+01 5.090037922037415008e+00
2.356049411905651780e+01 5.286319926834243788e+00
2.366854546217310329e+01 5.482611607497972273e+00
2.378051657651342765e+01 5.676582608157889176e+00
2.389633563024923291e+01 5.865680790557619595e+00
2.401587766491699938e+01 6.047171350207918294e+00
2.413896146550121813e+01 6.218192938978077677e+00
2.426534773541023071e+01 6.375830813889892035e+00
2.439473886024600802e+01 6.517205494478046646e+00
2.452678064046495976e+01 6.639573554989727455e+00
2.466106610009103051e+01 6.740434341109857286e+00
2.479714140023125779e+01 6.817637664282866439e+00
2.493451391790626204e+01 6.869482247011730713e+00
2.507266209831970372e+01 6.894798447439267619e+00
2.521104676740241146e+01 6.893007109638908503e+00
2.534912332886641906e+01 6.864149395219014238e+00
2.548635424596074373e+01 6.808884644169663325e+00
2.562222115725097993e+01 6.728456497630936006e+00
2.575623601926397654e+01 6.624630506164447041e+00
2.588795075742298479e+01 6.499608995768564768e+00
2.601696504205852989e+01 6.355930662930830977e+00
2.614293196464662472e+01 6.196363062902102925e+00
2.626556155193003050e+01 6.023795841631628178e+00
2.638462220234181643e+01 5.841141435040269947e+00
2.649994024879931587e+01 5.651248337263837129e+00
2.661139793540374754e+01 5.456830117454093632e+00
2.671893014289918256e+01 5.260411562367842464e+00
2.682252020032010975e+01 5.064291773879810776e+00
2.692219510994507203e+01 4.870522870169971874e+00
2.701802050777277131e+01 4.680902154623438172e+00
2.711009555525088643e+01 4.496975223346791672e+00
2.719854799491584529e+01 4.320047448328124595e+00
2.728352949548701289e+01 4.151201383312647764e+00
2.736521138884783255e+01 3.991317925642930753e+00
2.744378085316271765e+01 3.841099478161530634e+00
2.751943756902525706e+01 3.701093664984899778e+00
2.759239084809528819e+01 3.571716550264818046e+00
2.766285721622275062e+01 3.453274618882571811e+00
2.773105842099661444e+01 3.345985037291631325e+00
2.779721982614814735e+01 3.249993918687758665e+00
2.786156915132420764e+01 3.165392471529886009e+00
2.792433551018944371e+01 3.092231022999008427e+00
2.798574872843380135e+01 3.030530965894573381e+00
2.804603884673089453e+01 2.980294765736692941e+00
2.810543583788136957e+01 2.941514101974351814e+00
2.816416945733798372e+01 2.914176307036284719e+00
2.822246919940521437e+01 2.898269247730462350e+00
2.828056435123861689e+01 2.893784644110728443e+00
2.833868409276070111e+01 2.900719992619420928e+00
2.839705761396792738e+01 2.919079128376582233e+00
2.845591423919241336e+01 2.948871366982202868e+00
2.851548352341455583e+01 2.990109297104770469e+00
2.857599526850600924e+01 3.042805104246810277e+00
2.863767947945134296e+01 3.106965389135868616e+00
2.870076618286439896e+01 3.182584392218962499e+00
2.876548509397085951e+01 3.269635399126122888e+00
2.883206509522985783e+01 3.368060360614933302e+00
2.890073349604155695e+01 3.477757625658220775e+00
2.897171499696405306e+01 3.598567184036463029e+00
2.904523037390692153e+01 3.730254337592286973e+00
2.912149478670338709e+01 3.872490861734615653e+00
2.920071569058405103e+01 4.024834334613456299e+00
2.928309036541426025e+01 4.186706020099363990e+00
2.936880286787138061e+01 4.357367101371911744e+00
2.945802064781628715e+01 4.535895324258614636e+00
2.955089061551841212e+01 4.721162027030434416e+00
2.964753478572204415e+01 4.911811603278683158e+00
2.974804555139333573e+01 5.106245176079319492e+00
2.985248069094551582e+01 5.302610697946593454e+00
2.996085826055471557e+01 5.498801959723883748e+00
3.007315157707044406e+01 5.692469105293763931e+00
3.018928455026113511e+01 5.881043145469747380e+00
3.030912766494468613e+01 6.061776426082524871e+00
3.043249494293887736e+01 6.231800171432779756e+00
3.055914223265069296e+01 6.388199020491950542e+00
3.068876715074269868e+01 6.528100808169145175e+00
